93907
7	18225
8	36750
10	91052
15	1593	67167	72218
19	15275
27	21429
28	10189	23855	32122	34160	56311
30	76392
31	35688
33	15904	22811	27365	32372	39540	50676	58083	87561	88095	88724	89265	89617	89735	89814	90150	90671	90766	90767	91219	91906	93148	93214	93827
35	9313	60973	71706
44	70004
45	67158
49	15519	35992	40255
54	34480
56	22189	23854	58142	67341	74136
57	1181	3263	12350	13988	15020	18729	19519	22471	26098	38354	39269	40703	43104	44186	70245	72995	73145	75244	86611	87507
60	92366
62	546	19474	25030	88238	88469	88656	88738	88896	88997	89295	89339	89395	89468	90447	90489	90540	90829	90874	92388	92523	93316
63	7351
65	91580
66	60427	70911
68	68628
69	35425
70	5485	6138	6993	16968	22829	23247	26032	28177	42039	42445	51429	79345	79468	88747	91754	93082
75	1409	9395	16373
79	46981	55584	75434	90805
80	91763
84	55707
86	5859	17144	54625	88846	88937	90261	91476	92327	92493	93183	93303
87	259	2279	2833	5535	5764	9427	10552	20921	26179	26355	28200	29059	29560	36186	36221	36360	42560	43766	50881	51877	53175	58699	61985	63315	75204	75211	80780	81634	83353	84276	85344	88123	88777	89192	89424	89471	90312	90879	90907	91019	91463	91567	91650	91653	91785	92123	92132	92865	92936
88	6185	7309	8627	13129	15762	17632	31482	31969	31979	43584	45933	67933	71547	76060	76178	76351	78477	80545	81027	84558	88077	88805	88806	89399	89711	90091	90407	90432	91873	92994
89	2020	6295	7553	9330	10561	12000	14924	17646	19028	24018	25032	28189	28439	29578	30611	33094	34651	35368	35747	36385	37994	38619	39353	40261	41724	41725	42710	43970	47519	50245	50931	51679	56083	76824	77111	84972	86042	88373	88428	88695	88723	89025	89781	90340	90941	92755
90	2277	47667	55750	57652	69170	69171	84717	90573	93113
93	41160
94	5715	23853
95	8625
100	24722	63897
101	13920	57685
102	40688
104	4465	79586
109	88985
112	47699
113	27723	34111	43332	53867	80730	88273	88433	88611	89074	89213	89514	89532	89653	89718	89912	89976	90221	90232	90728	91006	91051	91261	92100
114	60149
116	19900	92474
118	16500
120	14204	41653
121	40119
122	44260	48334	65354
123	11614	13006	19188	31573	32123	32648	40298	41578	50494	52989	59382	59927	70025	89556
125	41244
