71437
8	63005
9	14986	70260
10	71183
11	70507
18	62411
19	45769
20	16539	53449	70694
24	31296	69449
28	53627
30	34327
32	69206
33	2125	11012	35537	64179	69716	69930	70407
36	15323
39	14523
42	29443
43	69334
46	68621	71160
49	33727	46512	46513
50	1679
52	69037
53	67373	70122
54	44759
55	48407
59	18621
62	59931	68242	68362	68555	68606	68626	68640	68728	68975	69090	69368	69421	69462	69519	69612	69617	69618	69727	69835	69866	70222	70435	70688	70838	70842	71051	71068	71192	71353
64	70323
66	70402
70	70764
75	10301
80	70774
86	3593	68367	70152	70320	70742	70847	70861
88	1364	2501	9225	9602	11879	19089	20062	20240	26356	26357	30251	33926	40041	51553	51689	58981	60329	61896	64680	67582	69196	69870	69898	70066	70099	70206	70482	70686	70704
89	11969	12657	12824	24781	38911	53815	59972	61825	65233
95	15746	40001
96	69924	71070
113	5186
114	53088
117	12717	20730	53166	55529	70251
122	10549
123	6703	40457
