26897
6	976	1319	4059	4547	4625	5275	5729	6408	6861	7393	8746	8974	8992	10037	10566	11766	12130	12252	13989	14221	14433	14884	15413	16556	16716	16832	18749	19516	19549	20247	22192	24469	26324
16	2218	2827	7517	10134	10562	19071	25719
32	3364	21907
33	22209	22274
34	24878
35	12077	16319	16664	19250	19337	25921
36	51	579	1509	1524	1553	2019	2372	3373	3498	3556	3790	4032	4139	4428	4569	4895	5323	5497	5604	5668	5824	6032	6496	7310	7449	8107	8402	8670	9035	9112	9222	9274	9363	9408	11465	11703	12468	14350	14371	14540	14945	14957	15157	16063	17025	17404	17576	17643	18160	18232	18269	19833	19838	20492	21785	21889	22638	23386	24455	24488	25466	25585	25600	25937	26311	26607	26668
37	82	119	241	281	518	1722	1725	2488	3827	4134	5098	5152	5161	5415	5820	5834	6082	6450	6480	7113	7434	7462	7750	7913	7970	8000	8541	8662	9008	9083	9453	9840	9877	10132	10311	10781	11461	11599	11878	11966	12013	12508	12610	12700	13285	13780	13876	14506	14575	14658	15356	15621	16001	16096	16154	16505	16575	17005	17589	17631	18303	18447	19105	19158	19766	19930	19941	21729	21901	24033	24665	25018	25188	25927	26857
39	17409
40	4505
