62805
3	61999
20	53444
23	4770
29	60005
33	15235	22073	58352	59791	60591	60781	60972	62467
34	29717
35	20257	32283	40179	42507	45932
36	30642
52	62098
60	20790
62	60694	61740
68	59607	59645	60734	61158	61277	61523	61584	62143	62185	62366	62454
80	61726
85	5175	7008	15203	17452	18041	18171	24568	31076	31824	33793	34168	37298	39922	45689	47743	49621	56695	59338	59594	59666	59894	59902	60122	60218	60223	60531	60624	60733	60876	61117	61235	61789	61812	62106	62258	62408
92	4527	60649	61315
93	11686	15487	61844	61877
94	8031	26907	32282
102	61703
103	8996	60297	60454	60570	60746	60765	61170	61496	62412
104	8995	28044	59494	60382	60812	61490	61585	62099	62261	62474
108	59376	59823
109	59207	60316	60392	61048	62341	62709
110	12208	22812	24532	25126	36633	39847	45957	59883	60742
111	378	621	2028	5434	6811	7200	8091	9368	9377	9696	11493	12118	12285	12512	13543	13737	13827	18627	19436	21423	21669	24627	25502	27823	29888	32597	33625	35428	38872	39164	40380	40736	40947	41368	41480	42508	44171	46135	47598	49180	49191	49704	53672	54582	55035	56837	57440	59807	59830	61404	61898
112	475	1461	1982	2507	2940	3851	4034	4190	4364	4704	4858	5882	6742	6792	6923	7089	7397	7581	10259	11196	11577	12889	13463	13876	14314	15190	16066	16234	16412	17022	18341	18628	19347	19398	21111	21230	21989	22090	22707	23835	24496	24861	26015	26195	27029	27944	30715	30789	32874	33463	33475	34367	34575	34600	36224	36249	36921	37367	37752	37791	38024	38385	39326	39762	40415	40479	42487	43170	43273	44542	44563	44726	45039	45081	45738	46341	46509	46589	47541	47586	48856	49047	49289	49646	49896	50414	50548	50659	50972	51487	53516	53735	54457	54458	54581	56690	57070	57166	58206	59322	59776	60299	61033	61502	61865	62170
113	622	3056	6373	6791	6812	7275	7505	8885	9123	9136	9545	9680	10097	10424	10768	12246	13396	13544	14313	14344	14494	14555	14846	16065	16438	17264	17494	18484	19575	20084	20335	20551	20688	20778	21558	22289	22525	22599	22708	23518	24773	25393	26213	27419	27622	27993	28260	28783	29167	29340	29605	29723	29740	30653	30716	31014	31546	31967	33580	33626	37582	38593	38848	38998	39049	40948	42766	43302	43536	43987	43988	45082	45894	47585	47680	48410	48686	49648	51334	51488	51987	52362	52511	53062	53158	53479	53996	55125	55660	55740	56619	57207	57361	57439	60043	60464	60763	60764	61070	61077	61604
118	14253	16231	17514	20842	52479	58511	59378
119	6050	17283	26147	27006	45722	59408	59539	59635	59721	59774	59895	59955	60359	60970	61108	61717	61929	62092	62605
