41331
0	6386	7951	19069	20505	33314
3	4719	5476	22322	28682	35703	41019
5	7607
6	2385
7	16183
8	2419	8473
9	4262	23050
10	5597
12	27996
13	4856	5351	17927
15	836	14317	14616	17044	28486	28951	33770	40188
16	5774
18	22373	40978
19	9344	17441
20	13683	38673
21	21715
23	3873
24	8795
25	14490
26	4678	9424	38173
27	6630	7278	33202
28	12231	17195
29	24896
30	15563	26905	28312	30181	31146	31663	31690
32	3145	7153
33	31131
34	7814
35	4926	23312	32026
36	425	4356	5696	9223	10584	10873	11615	15814	22285	33353
37	426	969	1991	4566	21330	27276	28493	29024	29226	33927
38	5735	5975	19512	20091	25252
39	3505	8424	17446	20349
40	13843	15067	18696	21013	23908	28080	32295	35005	37235
41	3824	7326	17266
42	15558	16176	26804	28229
43	4894	32770	33196	34691
44	3276	5536	9360	9808	29398
47	9448
48	3180	4712	25355
49	24565
51	350	14829	40424
52	5218	11685	28919	29272	33247
53	27832	29782	40500
56	3321
57	24071
58	3058	25112	40466
59	2581
61	7417	26339
62	6532	39549
63	14418	34559
64	69	2989	26132
65	9083	10993	13478	17292	32636	34206	37137
