144127
0	141438
41	137885
43	79042	108186
53	4627	10968	11522	15897	32968	48130	77222	78106	80853	85398	89458	91762	93252	107494	117177	118049	139876	140583	142283	142886	143065
60	74490
71	11443
76	129589
86	140383
94	93570
111	68159
126	116240
127	33697	140653
128	86002	128440
130	3366	22231	105955
131	37930	50496	58940	69174	82714	115234	117184	121029	132989	139092	139386
132	58941	79995
133	44176	79994	142468	143380
134	89276	89277
135	141893	141986
137	123668	141267
138	73156	122979	125515
139	106116	106173	106569
140	90349
142	54597	140012
144	57831	71698	85500	97801	140632
145	30082	140231	143300
146	1762	31178	46948	54781	65719	87914	92140	102365	115391	116485	138383	141102	141567	141817	143110
147	16311	143050
148	114775	139916	139965
149	55945	83749
150	130120
153	1944	17354	38772	58285	71759	72112	99959	140745	143853
154	4067	30429	44375	102831	142402
156	25070	34234
157	141026
158	20113	110275	119679	143896
159	139852
160	17574	27364	57387	57453	58023	63826	77758	84416	86891	132076	142385
161	3831	31751	53763	143029
162	45389	62641
163	21540	84936
164	30655	48697	78497	117242	143371
165	24675
166	22325	31597	48931	49412	52293	75551	86602	123512	130815	131320	137542
167	33804	88347	98794
168	78963	88043
169	32035	42511	140406
170	50635	107807
171	22215	91915
172	141652
173	3938	37769	99805
174	24393
175	140984
176	121207
177	115781
178	50626	94699
179	896	21599	25930	26721	34398	35725	37887	42990	47529	50353	56127	56760	88211	89061	91293	100973	115467	116580	117711	125985	129864	142686
180	94292	139928
182	83922	117552	124734
183	21952	142619	144063
184	50720	54292	141738
185	115527	141537	143075	143771
186	142487
188	42538
189	610	1745	1938	3973	6977	7104	7212	8008	9825	11488	12938	20394	23957	24887	26831	27050	42341	46915	47211	50176	50468	56151	56345	57341	63224	68315	69434	70446	76697	78331	81362	81363	88203	94697	100473	104183	104507	115291	116167	119289	122252	122374	123228	128240	138322	138323	139974	141346	141653	142218	142566	143108	143346	143668	143854	143883	143936
190	10425	33339	44733	58871	64585	87713	104472	142631
191	84123	105971
192	122480
193	132307
194	43656	43657	120493	140330	141538	143507	143601	144109
195	836	3190	3903	5714	11510	13858	16906	30745	31963	42078	42598	54903	58476	61185	64314	67671	68235	80681	82426	83828	85924	96793	103530	106054	108150	110234	113626	122961	123538	125467	129258	134057	139913	140063	143525
196	96167
197	59505
199	85463
200	87890
201	74277	120331
205	100759
207	59742
210	66529	66531
211	34865	141168
213	3353	84970
214	10179	24770
216	31736	116461	117664	140292	140328
218	67255	85829	113070
219	84709
220	40426	141044
221	47570
223	58652
224	35106	51760	61380	67803	108582	113033	118029	128622	139801
226	140126
227	56660
228	120081
231	4997
233	18905	22175	59821	61993	66689	89516	109091
234	16893	40212	57297	78337	107599	125626
235	66497
236	101203
237	31190	35477	45481	54928	88815	95565	120541	129502
238	60281
239	26374	30961	45151	59559	75921	140423	143488
240	3070	17138	30374	49017	50209	55632	62602	74584	79171	97382	110538	122459	124960	125434	135461	141493	142149	143035
241	120340	140901	141685	141698	143003
242	93187	135158	140895	141110
244	131331	141509	142903
246	1412	13046	15115	37498	62987	71283	83960	94676	96717	140216	142320
247	1949	5501	6305	9670	11783	12416	12971	18118	25742	26952	28440	30667	38919	44993	45854	57550	63655	64019	84988	87251	97981	110151	117236	129678	140527	141534	141968	143188
248	141009	143222	144113
249	121041	141878	142505
250	89796
288	22084
325	91469	132079
326	2967	8907	34084	42122	51114	53976	57507	62283	70807	73841	77903	105535	106187	114081	135624
