0
0
0
0
0
0
0
0
0
0
0
0
0
0
0
0
0
0
0
0
0
0
0
0
0
0
0
0
0
0
0
0
0
0
0
0
0
0
0
0
0
0
0
408
374
388
368
388
384
388
312
262
387
366
0
387
415
366
366
373
368
373
372
388
373
366
374
366
372
369
399
419
366
372
372
368
374
387
366
413
369
373
283
312
414
419
357
387
372
378
415
387
388
373
372
372
372
373
374
387
279
302
408
404
394
419
312
312
387
374
388
374
387
329
387
386
374
388
388
377
413
419
193
312
374
374
249
312
418
361
419
366
291
286
377
370
374
374
354
372
366
399
287
271
291
291
408
408
414
408
373
388
101
276
374
358
388
355
413
408
350
366
388
369
368
374
302
289
419
399
369
377
419
361
419
408
373
366
418
408
360
372
283
254
372
373
302
272
366
415
374
388
387
374
388
350
350
374
413
387
419
399
416
408
413
366
101
26
374
387
286
260
381
387
372
373
372
366
385
388
0
0
419
408
414
419
387
363
374
387
373
360
214
291
289
238
240
246
291
302
419
349
359
366
373
388
378
388
329
387
302
270
366
373
373
360
281
291
388
377
366
413
419
408
408
362
399
418
63
25
383
387
374
387
350
372
408
419
384
388
366
407
388
374
378
357
368
373
419
402
291
214
394
413
368
329
375
373
291
302
1
6
291
214
419
408
291
291
327
387
419
419
388
372
0
419
245
35
372
388
291
291
312
312
388
372
302
302
388
374
360
387
240
291
373
352
374
378
302
272
387
387
297
254
366
399
379
379
302
272
366
403
373
388
408
414
350
388
419
399
350
369
312
255
368
387
291
279
368
372
381
329
368
373
366
373
413
399
302
254
366
368
350
388
366
387
338
368
383
368
274
279
312
283
370
379
388
366
413
399
413
418
419
408
413
419
291
291
6
5
366
366
0
387
384
388
373
384
387
366
388
369
373
373
370
329
366
399
291
238
373
373
419
408
378
374
0
35
0
179
387
418
388
368
408
419
372
366
366
374
287
285
387
370
286
291
272
214
372
388
271
302
388
360
388
373
419
416
302
0
378
388
387
329
368
387
379
379
374
387
260
274
372
368
225
274
283
312
373
375
361
360
329
370
374
357
418
408
388
350
0
419
372
363
255
260
7
6
372
373
372
350
302
0
378
387
135
90
367
366
214
291
370
387
374
377
366
373
366
388
419
418
385
374
353
387
419
408
372
388
419
408
374
369
379
387
374
378
419
414
374
350
281
274
357
385
387
0
64
0
368
373
260
259
394
366
418
419
387
368
374
374
374
333
359
373
374
377
0
0
286
255
416
399
394
350
387
360
302
290
374
388
373
388
366
373
418
419
419
419
357
374
387
368
366
387
387
374
291
214
291
292
0
0
387
387
375
388
0
415
372
413
135
207
368
373
276
289
394
419
373
372
388
388
329
387
291
238
312
0
373
399
372
373
367
373
372
372
269
293
419
362
366
419
312
255
408
413
291
274
388
374
366
387
388
368
283
312
399
408
368
388
283
312
291
302
373
366
374
363
413
418
374
374
388
357
413
419
372
385
280
300
0
0
388
357
291
260
374
384
374
387
366
366
374
350
357
366
373
352
419
408
214
254
383
374
374
376
386
370
254
302
408
408
388
373
378
375
373
388
386
386
388
374
276
270
374
377
312
0
302
235
0
312
414
419
388
373
366
366
283
254
273
210
353
377
388
368
419
408
372
372
291
274
387
418
419
399
388
370
368
373
366
366
374
387
366
399
283
254
413
399
388
374
333
387
373
401
409
394
408
419
374
377
387
350
366
415
401
419
357
373
387
386
418
366
387
419
373
372
357
388
419
366
291
286
214
291
267
312
378
374
363
373
374
388
368
369
283
312
387
373
399
419
419
399
312
255
370
374
413
419
419
413
399
366
368
373
387
387
26
89
366
372
300
312
385
376
387
0
387
329
419
404
372
366
0
374
283
214
312
312
366
367
303
283
373
368
394
366
290
283
368
352
361
418
387
366
374
373
368
373
371
379
312
283
419
417
388
368
419
399
374
374
387
327
372
388
414
0
308
267
184
0
368
374
387
379
283
283
366
366
394
413
267
284
394
366
373
368
408
419
370
353
372
366
414
394
419
387
302
267
388
378
285
280
357
368
372
414
363
350
408
413
366
367
419
419
9
9
269
281
372
388
302
297
302
254
419
362
357
377
328
387
376
372
373
360
302
267
419
415
312
312
387
419
302
276
357
374
414
362
394
366
368
387
373
366
388
368
373
388
388
357
373
373
286
214
302
302
373
368
419
408
360
387
373
386
369
385
374
350
387
374
419
414
366
388
329
387
286
0
408
408
283
283
274
280
419
419
408
419
214
274
366
366
291
183
25
0
388
374
419
408
366
387
413
394
349
419
214
279
399
394
238
291
408
419
350
363
349
408
387
357
387
374
374
378
373
366
366
367
291
274
373
366
366
363
366
374
368
372
291
281
7
5
399
373
366
403
302
273
404
419
372
413
291
274
408
364
373
368
5
9
377
357
411
419
0
312
353
388
357
388
373
369
387
387
375
369
399
414
363
385
0
302
291
214
371
374
387
379
0
408
312
312
388
350
418
366
368
373
302
272
388
374
387
350
373
366
386
381
419
404
373
350
291
291
388
378
387
366
302
269
374
369
394
413
374
360
233
291
388
388
374
387
413
366
312
0
291
238
274
286
387
387
419
408
385
388
388
368
387
387
373
353
388
384
387
374
366
366
373
373
373
366
378
399
368
366
312
312
374
388
413
419
388
385
407
361
349
418
368
373
291
208
274
274
388
373
260
214
414
419
369
373
415
403
413
394
291
289
291
274
413
416
302
269
387
387
419
407
375
388
366
366
366
366
360
388
0
311
419
419
35
0
0
52
302
273
374
350
267
302
388
368
372
373
374
360
388
379
399
418
302
302
379
387
292
290
399
408
387
374
394
350
350
388
374
378
0
291
379
329
387
350
326
387
386
374
312
265
373
350
366
361
394
419
419
416
413
399
302
302
350
381
418
419
302
297
419
408
302
254
349
414
377
375
238
282
376
388
312
312
387
374
387
365
291
267
374
388
274
291
404
366
312
312
369
367
419
408
419
413
290
79
362
408
367
373
399
366
388
373
399
419
368
388
414
415
274
291
366
413
374
0
387
374
350
370
374
388
374
385
388
374
312
35
416
415
368
329
0
302
386
370
350
374
302
279
297
302
366
387
366
352
378
350
373
372
388
372
378
374
408
419
350
394
371
374
416
408
350
373
368
369
408
419
374
374
312
312
302
254
372
408
388
388
404
387
366
372
350
388
214
274
387
372
387
369
388
372
366
366
414
408
366
373
387
387
374
387
254
297
302
210
338
387
414
419
374
387
366
413
408
408
366
394
388
357
366
413
366
419
366
373
372
366
261
273
374
387
369
368
214
291
373
350
368
373
370
386
419
419
399
408
388
355
388
388
419
419
413
394
246
246
312
312
371
387
372
388
255
312
366
373
289
282
366
363
419
394
367
361
368
372
373
388
269
302
372
367
260
289
419
408
388
368
399
413
387
387
378
378
360
385
366
361
373
373
388
374
350
366
408
414
386
370
373
372
302
271
369
353
374
374
417
418
388
363
419
408
298
283
374
374
388
373
373
388
364
415
357
388
373
387
366
366
388
388
378
368
302
214
419
408
369
388
312
312
374
386
416
394
273
302
366
413
388
350
291
214
388
388
419
413
387
374
419
408
214
302
374
360
413
399
368
366
418
0
374
374
387
366
5
312
367
0
292
297
366
372
374
387
409
387
387
374
287
291
374
383
387
373
290
302
0
419
296
312
279
297
353
360
368
372
379
370
366
419
312
312
350
388
274
291
386
374
291
291
360
373
388
372
388
388
419
413
374
350
40
25
367
372
368
368
394
372
413
372
366
387
0
387
399
415
375
385
408
419
388
372
254
267
312
312
419
408
377
373
374
387
280
312
373
366
373
384
293
284
371
387
225
291
350
388
302
0
373
353
372
394
388
385
387
379
373
388
167
274
381
374
374
378
408
419
373
369
419
418
387
370
373
357
373
384
312
283
416
364
385
374
302
267
291
274
384
388
312
312
269
210
373
353
388
372
388
388
418
419
388
373
369
366
271
254
399
419
387
329
373
372
239
291
387
419
254
292
373
366
0
312
379
383
387
0
369
373
302
302
373
361
354
418
302
302
388
372
387
366
419
413
382
387
291
251
388
369
418
366
388
368
418
419
293
124
387
370
350
399
373
373
368
378
366
373
373
373
366
366
388
373
419
418
366
419
366
413
387
386
394
419
286
238
387
350
373
366
274
291
246
291
415
399
387
358
255
291
215
291
291
291
387
374
399
419
374
378
302
302
373
372
419
413
214
289
366
387
374
386
418
419
388
368
388
350
387
387
399
401
388
369
350
374
302
262
361
353
374
387
374
366
416
418
273
269
387
387
302
302
0
26
387
369
373
368
399
419
274
259
372
366
349
419
387
374
388
369
372
368
367
352
0
291
260
291
258
302
366
413
366
366
372
394
387
387
312
255
419
383
297
302
374
388
274
288
387
379
353
366
387
329
374
387
419
394
368
384
366
401
419
362
357
374
368
387
357
386
388
377
291
291
388
388
408
419
366
366
366
369
291
214
297
290
369
374
366
407
350
368
387
367
366
413
0
302
374
378
387
381
374
377
366
373
419
413
67
290
414
418
302
254
384
373
35
25
388
388
372
373
387
327
388
369
374
387
287
283
387
387
369
368
372
361
366
350
350
388
26
26
408
418
291
255
373
388
302
302
5
9
385
369
369
368
369
374
274
291
399
419
368
373
388
377
408
416
388
388
283
291
384
360
366
372
372
350
419
419
419
366
291
291
371
350
387
387
291
286
372
373
419
413
297
0
388
368
381
374
408
408
388
388
416
351
419
387
387
374
379
373
413
418
399
419
408
419
385
388
374
387
357
366
387
374
366
387
419
413
214
279
374
374
373
366
377
353
388
368
374
0
371
373
366
366
0
387
419
408
302
267
374
387
302
254
0
419
273
302
285
312
0
162
283
312
399
387
413
399
394
413
80
44
291
238
374
370
373
373
366
366
302
254
254
302
374
387
373
366
0
387
414
419
274
291
387
374
419
414
374
370
384
350
373
363
408
401
312
283
291
291
362
419
388
372
0
271
414
413
0
302
350
387
283
312
414
408
254
312
374
374
375
372
419
366
373
368
302
297
373
368
416
419
378
368
283
291
387
360
373
372
385
373
0
25
377
366
416
408
367
373
0
0
399
366
302
267
399
387
373
372
375
373
374
368
302
279
374
374
283
0
214
274
385
373
408
419
408
419
355
388
292
289
387
379
372
373
419
419
399
366
274
289
377
374
366
374
361
408
272
267
327
374
373
368
291
283
368
374
312
312
374
387
419
408
366
387
350
373
384
373
333
368
291
214
419
413
269
254
283
312
269
290
302
279
388
350
366
387
374
386
364
366
409
366
387
374
0
386
399
419
419
408
388
369
329
387
402
419
302
281
387
360
368
366
352
373
302
302
290
302
373
388
366
387
415
419
373
368
372
365
418
372
280
312
291
291
246
286
367
366
280
5
297
283
419
408
274
291
256
291
373
368
368
366
387
379
366
368
379
387
418
419
255
274
408
419
215
269
387
387
419
387
373
366
262
254
374
387
368
373
312
283
283
312
279
262
366
413
387
413
375
399
415
366
367
372
366
373
413
366
419
419
267
290
419
416
416
419
291
251
368
350
368
388
373
379
373
350
381
387
368
353
373
373
283
291
350
374
388
369
283
280
394
413
408
408
372
373
366
373
387
387
366
394
291
274
279
0
394
373
368
350
302
302
367
388
368
373
0
0
255
287
368
338
366
373
368
388
387
369
374
374
373
373
374
350
369
373
387
387
419
418
374
360
291
286
357
371
379
368
414
364
419
394
377
373
368
373
379
388
329
387
297
289
387
329
280
260
289
274
225
291
388
357
286
291
214
302
373
366
419
387
366
394
419
408
379
368
283
31
415
419
291
289
302
214
414
362
387
413
399
408
366
379
372
419
419
394
369
388
291
291
416
413
373
373
386
387
399
366
0
312
373
373
388
372
387
379
366
384
374
368
366
388
388
373
302
302
366
372
312
283
274
0
388
368
361
372
361
352
366
394
387
366
372
373
214
302
419
399
408
419
374
387
413
414
408
399
350
370
419
408
302
225
274
237
372
378
373
372
0
416
385
374
283
214
350
374
366
381
374
388
291
291
419
0
374
350
255
312
283
312
283
312
419
387
373
366
387
0
374
385
303
0
373
373
373
352
205
244
388
374
384
353
369
366
368
388
366
373
338
0
369
384
387
419
360
394
329
329
373
366
372
368
386
371
360
388
373
385
0
312
291
290
312
312
312
283
368
388
366
374
214
274
291
233
374
366
280
272
373
369
249
312
388
369
387
0
0
387
350
372
0
419
312
283
366
388
366
372
372
419
368
368
375
373
387
371
387
0
291
251
366
361
366
404
372
419
388
372
419
418
286
246
269
281
350
388
387
387
388
350
419
387
274
291
366
373
415
407
368
373
291
246
388
388
387
374
408
419
373
388
373
368
387
374
290
302
366
373
385
372
387
374
302
261
374
379
267
302
387
385
291
274
368
369
419
418
329
387
366
399
291
246
269
267
3
5
353
388
379
387
0
290
357
377
374
360
85
66
357
366
373
350
374
350
366
366
366
373
260
291
419
407
388
368
366
367
388
368
214
290
360
374
387
328
366
373
387
379
367
387
0
419
366
381
312
287
373
366
350
387
387
387
408
416
302
279
291
291
413
419
238
291
373
372
419
408
408
408
408
419
388
374
279
302
0
26
387
371
350
374
373
366
255
312
366
418
373
373
374
363
312
312
214
302
258
290
26
61
254
290
373
372
381
387
387
0
302
272
254
302
350
368
384
372
358
388
357
366
370
387
360
388
394
372
0
312
267
302
372
366
388
385
0
333
289
0
369
372
373
360
370
381
374
370
374
353
372
388
369
387
387
374
418
387
350
357
388
350
291
289
368
388
388
388
419
364
408
419
413
394
366
413
373
388
387
374
290
254
366
350
373
388
366
373
366
419
387
329
274
291
289
291
372
368
263
273
408
408
388
373
388
370
368
360
413
408
419
366
413
366
388
370
374
388
368
372
387
419
419
408
388
368
387
387
350
387
273
210
419
419
419
408
368
366
290
254
360
373
357
384
374
360
374
387
419
399
373
368
267
302
302
267
366
413
366
399
373
388
388
388
366
404
286
260
225
274
388
377
388
388
372
373
284
312
419
419
373
350
312
312
260
273
373
368
312
283
366
419
373
368
368
374
388
374
302
262
276
302
368
373
387
0
387
374
364
408
291
246
399
365
366
373
366
366
350
387
388
388
366
372
372
366
366
366
291
260
366
366
388
388
366
366
387
419
419
414
366
366
368
357
291
274
387
377
214
302
283
312
388
350
408
419
290
302
414
399
291
215
260
291
414
399
388
360
387
385
387
372
388
357
408
413
25
302
374
368
387
419
0
312
372
366
394
366
214
302
291
283
374
368
388
388
369
388
302
276
5
419
3
6
381
387
419
408
388
368
373
375
368
388
388
374
370
360
366
387
35
143
372
388
357
388
291
260
366
350
0
302
246
302
368
373
419
408
271
254
419
394
374
387
419
404
374
366
388
385
373
372
0
312
374
374
374
385
379
373
387
384
419
419
0
306
373
366
350
374
302
295
413
413
366
419
374
379
418
387
369
372
373
372
374
388
413
408
365
418
352
403
373
357
0
271
283
312
274
291
375
373
388
373
366
357
368
374
254
251
413
419
369
374
367
366
373
373
387
379
387
386
368
372
372
366
388
368
374
387
366
413
374
374
374
353
408
419
374
350
388
388
408
408
0
387
373
373
312
287
366
350
369
385
374
338
291
267
374
374
387
369
388
350
385
374
387
374
283
251
403
408
366
366
291
280
374
387
283
289
374
374
302
255
388
388
238
256
366
366
399
419
366
363
287
210
366
372
333
387
353
399
302
214
312
312
373
366
362
416
274
283
369
388
419
408
373
368
413
364
387
329
366
386
372
377
373
367
387
366
379
386
381
374
408
419
358
374
244
302
312
283
368
372
366
373
26
0
374
385
26
0
5
419
88
0
388
366
368
388
350
373
302
214
373
373
267
297
371
387
419
419
419
408
255
291
291
214
366
413
373
368
0
387
254
302
0
283
369
350
372
368
419
408
329
387
366
419
387
381
413
418
374
350
388
384
0
387
372
372
350
374
352
373
352
369
388
368
291
210
368
372
388
373
291
291
413
352
387
329
399
419
374
388
370
366
414
399
26
0
368
373
408
0
312
255
366
363
368
366
373
366
378
374
385
375
0
302
388
375
374
374
374
386
419
362
387
374
413
419
372
367
329
387
366
373
387
366
374
386
419
387
291
291
419
408
373
366
366
366
374
369
419
365
385
371
379
387
291
260
230
291
369
361
0
387
291
302
368
372
366
372
239
302
408
419
312
303
373
368
350
387
366
357
373
373
244
255
0
302
387
387
419
394
373
368
373
388
312
312
240
291
418
408
407
378
366
413
373
366
374
387
0
387
274
291
302
279
387
374
388
373
366
373
374
387
366
419
291
291
285
255
291
256
373
369
378
368
254
271
408
419
408
408
0
0
0
0
302
214
387
387
302
291
413
419
363
368
372
366
387
387
378
361
5
9
350
387
374
374
414
413
394
419
413
419
279
214
372
373
373
371
419
408
388
350
419
408
374
378
378
368
372
387
368
387
373
373
0
286
373
363
394
419
255
287
357
373
416
411
378
357
388
368
413
394
408
414
372
373
291
243
368
373
373
366
399
419
374
370
360
378
419
408
388
357
312
312
374
378
388
368
381
377
283
279
302
273
267
302
353
361
366
372
275
302
394
408
312
280
312
262
388
374
373
366
360
387
0
329
369
368
254
302
302
273
369
373
370
381
360
373
255
312
366
350
214
291
384
372
374
368
419
419
302
302
183
49
362
419
366
366
413
372
399
415
387
366
388
374
414
399
419
418
285
283
366
394
350
368
394
352
408
419
372
368
394
366
366
403
366
373
373
373
415
408
366
377
374
387
378
377
370
374
312
312
373
388
302
246
377
413
388
350
374
368
260
291
387
374
419
414
374
369
387
0
289
274
373
366
388
388
373
368
214
291
302
214
361
366
374
388
399
361
353
368
385
373
374
366
312
255
218
292
371
374
283
254
374
350
387
0
312
312
372
366
374
387
407
419
419
394
291
291
373
366
374
378
361
419
350
385
388
350
366
419
403
366
292
0
365
366
385
350
419
361
372
373
350
374
388
350
368
388
384
350
377
374
388
373
419
408
283
312
373
368
394
413
419
418
387
350
366
408
373
388
373
367
394
366
329
329
387
387
291
260
366
388
350
372
369
369
373
366
283
214
125
52
350
374
386
329
366
394
388
368
258
290
366
372
374
357
388
369
372
369
125
260
378
394
291
239
273
267
373
385
373
388
368
373
419
419
415
394
272
302
312
312
387
0
374
374
350
367
388
368
413
419
399
419
369
369
387
379
312
312
370
0
373
352
0
302
419
399
387
374
378
388
419
399
399
366
357
366
419
418
350
374
387
419
408
408
283
312
0
26
413
399
286
291
255
271
366
373
312
255
368
386
388
375
366
402
399
419
302
302
350
350
387
374
267
225
408
399
289
302
408
411
372
388
419
419
388
388
290
302
280
312
238
291
366
374
388
373
372
355
302
254
373
366
302
258
312
0
387
387
376
388
372
366
416
408
369
372
366
373
302
84
302
302
357
350
283
272
369
377
366
366
0
133
374
374
350
374
387
387
366
399
408
416
361
369
399
419
280
260
388
368
367
388
419
408
408
394
350
374
0
387
111
46
4
9
273
302
350
388
374
360
274
291
372
373
366
366
399
357
312
285
408
413
388
388
372
379
409
366
411
366
302
214
255
297
399
416
286
286
374
374
387
387
291
255
291
291
388
373
312
255
419
372
364
399
372
388
374
384
373
377
374
357
353
374
372
366
359
387
368
388
162
78
366
366
274
273
291
256
283
312
218
125
384
374
366
414
267
278
394
413
366
372
374
329
372
388
0
302
394
372
387
357
374
378
350
385
372
385
418
399
413
387
229
162
413
364
369
373
289
291
355
350
419
413
368
372
369
366
418
394
290
47
419
408
419
413
366
419
388
377
140
131
312
255
368
369
381
387
302
254
368
388
373
372
367
329
367
329
388
370
374
369
387
374
387
419
372
350
419
419
353
372
368
373
286
222
408
362
414
413
261
302
291
274
5
6
388
375
255
285
399
418
283
300
291
238
267
290
275
302
372
366
283
64
413
366
302
302
399
419
260
291
394
373
387
357
255
312
387
350
295
302
416
0
408
419
408
394
373
350
366
363
374
381
419
394
312
255
413
408
408
387
372
379
368
388
329
368
408
419
387
366
387
399
312
31
373
388
0
0
372
419
368
373
365
373
368
366
214
291
379
370
419
408
215
290
373
361
274
291
291
274
368
369
355
374
419
418
374
388
387
329
387
387
379
378
374
387
368
419
374
387
312
387
366
387
399
419
327
372
369
366
374
419
418
373
373
0
408
388
419
274
384
413
374
419
327
408
5
9
374
273
372
388
366
353
353
366
387
291
378
385
378
0
372
374
378
291
374
399
302
101
101
367
416
366
408
289
145
407
419
302
312
374
302
254
381
374
419
374
312
26
369
240
372
373
408
369
374
388
0
372
373
374
291
254
246
254
408
312
387
362
262
366
368
371
353
374
373
286
291
387
384
367
388
372
302
388
350
214
408
386
302
375
302
312
254
302
388
312
370
302
302
368
373
399
362
413
256
419
291
374
291
388
255
0
408
374
368
387
364
381
413
218
371
364
291
408
387
362
372
254
408
273
312
357
394
5
387
366
312
414
283
379
368
366
258
286
387
387
408
387
291
286
387
385
378
302
388
374
302
283
366
418
255
399
387
368
276
387
291
368
373
302
0
419
385
302
388
286
366
373
269
254
387
368
312
274
373
0
368
274
240
373
419
387
372
350
372
302
394
81
399
274
371
368
357
368
388
388
312
0
25
388
302
374
388
357
399
374
416
388
408
414
386
280
329
372
312
350
302
388
388
350
366
295
387
366
387
388
368
399
373
302
35
312
298
32
350
408
350
414
301
350
408
419
368
374
374
373
302
370
366
419
46
388
296
419
413
387
291
374
372
291
419
291
419
0
388
372
419
388
366
374
366
353
350
372
388
271
312
373
366
302
377
408
374
366
272
366
274
312
408
302
388
387
373
270
372
419
419
387
408
413
419
408
267
368
388
399
387
291
419
361
0
0
419
403
408
378
399
373
366
388
387
274
291
291
386
0
302
385
419
254
285
291
388
0
260
363
0
291
291
274
419
387
214
262
419
369
419
0
377
214
368
366
369
373
385
419
387
372
373
385
366
413
416
388
374
419
280
302
262
329
0
267
290
254
349
286
286
366
214
387
287
302
0
291
387
274
312
312
302
302
373
0
289
312
290
267
0
312
302
255
279
214
230
302
291
418
312
274
25
306
374
312
291
386
0
302
366
302
0
254
312
302
290
283
414
237
214
373
312
401
366
0
0
302
408
283
291
312
255
312
291
374
0
350
260
408
329
0
291
366
419
302
0
408
366
0
0
312
312
386
0
280
297
254
419
0
291
312
302
366
387
262
0
302
255
255
374
404
0
244
381
0
408
387
286
283
388
368
419
269
269
408
374
385
291
387
378
329
302
357
35
366
374
366
291
283
260
312
254
359
329
0
291
312
283
245
4
350
368
286
0
362
408
366
302
273
399
329
419
274
374
408
366
366
387
366
377
419
312
273
251
267
260
276
364
333
419
387
291
368
379
372
387
274
302
312
283
379
255
274
416
251
254
419
302
210
408
300
387
279
368
362
291
254
291
333
408
312
375
291
283
274
302
290
291
419
312
387
408
408
333
0
273
419
312
255
387
387
254
408
302
419
329
381
291
276
267
0
418
267
0
254
387
408
312
387
291
329
312
267
283
275
419
302
276
388
0
387
286
311
0
271
290
291
312
274
291
366
0
312
394
369
408
0
372
408
408
283
387
408
418
379
408
416
291
254
0
274
162
387
419
368
286
357
366
373
408
388
267
387
387
419
283
255
312
255
302
349
312
418
408
274
291
0
338
271
312
291
366
302
283
408
368
388
387
312
269
387
329
302
379
269
362
275
387
273
271
327
301
238
291
387
386
251
386
273
0
375
255
283
214
26
408
385
387
350
312
255
366
238
255
388
214
286
312
290
254
381
373
419
312
0
366
374
302
291
387
302
312
291
419
291
408
329
302
408
302
360
372
372
291
312
0
285
302
408
280
373
302
271
416
283
312
278
419
408
0
312
387
408
291
0
287
260
367
419
312
302
366
267
254
419
286
302
408
312
329
284
368
0
0
302
351
384
312
271
271
262
408
255
0
0
241
0
419
301
302
302
312
0
302
350
271
379
386
350
386
408
0
302
262
279
225
287
255
381
0
387
0
286
386
387
255
302
286
0
408
312
408
328
269
289
302
408
287
414
283
328
408
308
280
387
366
255
286
291
283
364
419
408
370
368
312
408
302
312
280
291
419
0
419
274
291
333
276
302
283
254
251
302
292
291
0
408
0
214
238
289
329
312
290
271
419
302
384
350
414
291
414
290
0
408
370
312
275
408
312
414
386
302
291
387
418
364
302
419
214
312
408
408
419
418
286
387
283
0
387
408
285
302
366
364
302
280
418
254
291
374
7
364
302
267
408
408
312
408
388
408
240
255
419
291
274
374
373
373
374
379
362
0
0
302
0
408
408
387
338
312
408
302
374
333
312
255
413
370
385
0
329
366
0
408
260
387
302
408
419
312
387
312
329
302
286
387
362
269
362
414
302
379
284
255
419
291
368
312
312
302
214
408
274
290
387
0
283
291
255
387
290
381
362
408
274
290
255
291
303
408
267
419
0
312
419
377
387
312
283
312
312
312
274
361
283
408
350
353
302
291
280
214
418
283
260
302
244
9
408
387
0
414
255
312
419
373
5
291
261
408
329
419
374
0
291
366
413
254
283
291
291
286
374
254
312
312
312
408
419
302
255
415
274
254
353
388
274
377
32
254
286
254
413
419
0
373
368
387
364
254
255
364
379
291
286
274
408
238
255
312
408
291
284
369
291
312
291
291
312
408
387
312
291
280
408
255
370
290
238
312
362
283
285
289
329
373
419
387
388
312
408
289
414
283
254
373
284
312
290
260
419
291
353
290
291
0
312
271
312
311
302
372
312
386
291
369
274
286
408
263
386
297
419
0
285
387
312
312
329
0
280
272
238
364
374
291
274
302
302
374
291
303
0
290
302
267
408
215
312
312
366
218
289
312
286
388
388
388
350
214
333
408
372
408
387
271
418
302
254
413
302
372
255
286
408
362
408
290
0
366
329
312
245
387
283
387
387
114
385
408
290
291
289
312
373
312
388
254
350
364
329
214
386
312
408
292
0
312
255
372
302
283
394
274
287
374
408
385
408
255
271
286
374
283
386
311
416
360
408
387
273
366
384
0
386
274
408
0
274
312
0
311
312
267
312
329
386
302
408
387
374
364
283
291
258
408
419
267
408
373
408
419
283
283
274
0
274
214
0
238
384
312
296
283
158
388
386
374
0
327
312
413
372
0
371
256
214
210
355
408
255
312
333
370
273
373
419
387
312
0
387
5
255
408
283
312
373
408
312
237
388
302
0
274
312
0
302
312
312
302
408
302
256
312
408
387
327
0
290
408
26
329
302
291
283
0
312
262
312
255
312
283
302
283
291
0
291
408
373
291
274
215
297
366
387
267
411
419
408
419
254
0
0
0
372
364
312
362
312
0
329
302
255
408
286
312
274
408
287
254
387
408
0
274
273
48
419
0
312
386
276
214
274
387
302
312
329
374
381
286
302
312
271
408
408
408
408
244
312
273
311
276
290
414
312
419
302
387
302
373
373
0
372
419
408
291
302
254
312
366
274
312
387
25
374
297
0
286
312
399
260
416
302
303
419
312
378
418
291
408
274
255
274
283
302
289
254
312
291
280
214
379
408
312
272
254
302
387
302
312
327
291
414
328
387
254
290
312
312
419
251
291
364
283
379
290
374
329
333
0
362
312
246
419
283
408
0
372
273
0
388
302
271
291
329
350
0
372
312
312
7
254
283
408
369
408
366
302
368
312
312
369
280
419
312
0
387
387
372
333
312
312
312
408
274
0
327
302
0
273
302
312
214
352
255
283
387
329
414
362
408
379
0
283
291
415
251
387
26
255
293
372
291
303
0
273
254
302
312
254
379
0
279
408
408
0
260
280
373
251
0
374
366
302
387
366
285
289
302
291
408
368
269
251
419
296
214
0
414
408
312
387
312
291
373
387
387
254
267
387
312
387
408
238
312
372
276
362
357
26
245
364
312
215
255
254
408
285
214
254
312
370
312
291
271
357
285
291
296
274
387
408
399
312
312
302
9
260
373
302
296
291
312
283
312
312
387
0
0
333
271
387
408
0
419
366
312
258
283
274
291
419
379
312
251
416
302
302
0
408
418
274
289
254
414
408
255
291
418
291
302
312
353
387
260
255
329
291
413
414
374
374
416
364
367
366
0
280
374
210
238
366
388
373
419
312
366
416
274
291
373
408
387
291
387
381
286
291
350
274
312
373
381
279
368
387
0
419
419
350
373
387
394
366
370
357
373
413
408
350
388
366
388
373
364
283
388
0
419
238
0
312
374
291
388
290
386
368
413
338
387
350
240
377
374
372
419
413
374
368
254
419
357
419
408
366
279
366
419
26
105
283
368
373
408
312
399
399
0
386
366
419
408
387
373
5
312
387
297
366
414
368
374
372
271
387
387
302
0
357
373
302
414
372
312
269
361
302
378
388
419
373
289
329
274
364
379
366
312
387
388
374
408
374
361
312
302
372
387
291
291
408
407
291
360
388
369
388
5
388
350
374
255
388
302
370
414
387
302
260
373
408
388
287
414
366
374
388
291
388
366
312
291
374
408
383
387
366
276
368
388
399
365
384
0
368
214
408
291
338
366
419
374
414
387
329
387
360
290
374
374
366
297
350
387
373
302
418
291
367
387
368
388
366
291
366
333
366
364
363
0
353
408
372
262
419
273
363
364
350
387
372
283
419
387
374
379
285
419
374
418
387
408
419
312
302
255
6
419
419
374
399
327
419
413
372
372
414
415
291
419
302
388
366
378
378
374
0
254
387
283
378
413
302
388
302
381
373
387
387
366
5
385
366
87
364
374
388
388
302
254
338
371
269
413
31
368
353
363
283
0
374
388
387
291
0
419
419
302
349
387
350
285
0
255
230
267
214
291
373
350
255
312
413
372
387
366
370
384
373
302
214
362
302
388
333
286
5
408
357
373
374
387
240
372
373
413
271
387
283
366
381
418
291
302
238
408
286
411
374
372
283
233
388
368
408
373
419
285
350
312
368
381
368
419
302
291
238
327
254
374
377
312
387
302
214
374
373
385
258
366
291
283
269
388
374
0
378
387
329
408
372
388
374
388
368
373
419
289
291
373
419
373
384
394
373
388
373
357
366
370
374
297
387
372
239
399
302
267
283
373
369
383
291
283
350
419
291
366
302
357
385
374
0
419
350
419
387
291
333
373
279
373
371
373
394
303
369
419
387
285
386
419
387
256
291
283
416
218
408
80
373
255
255
302
302
385
0
408
366
373
408
419
387
350
373
419
355
302
381
379
388
302
291
372
291
385
366
387
357
417
290
230
399
312
0
408
289
387
280
374
312
214
369
418
388
388
388
312
374
416
260
374
379
0
368
225
364
271
0
283
366
0
366
408
254
413
374
419
399
418
414
159
7
385
0
388
286
387
374
378
326
366
378
381
372
418
366
387
350
350
374
372
374
0
6
418
267
286
387
374
366
387
302
419
369
368
388
374
291
0
414
419
366
366
290
386
373
291
373
312
388
387
0
408
302
286
302
140
388
262
368
366
419
312
374
312
387
388
362
302
312
372
366
367
372
419
254
373
366
374
291
329
366
419
287
394
0
238
414
218
245
312
374
302
269
302
388
366
416
373
292
7
374
255
366
419
283
403
273
255
372
419
255
387
399
254
267
273
374
388
366
414
387
291
419
214
388
388
418
387
366
366
0
408
379
369
352
302
291
367
366
384
297
353
328
31
386
419
368
374
26
366
6
7
363
372
255
291
378
387
408
273
373
419
388
388
333
394
419
302
297
419
290
367
363
387
419
388
0
388
352
366
210
386
408
408
399
329
254
302
388
419
283
374
254
378
357
388
387
366
419
369
283
254
387
255
350
312
394
364
372
419
0
362
373
418
408
374
245
371
283
408
373
0
283
372
374
312
415
419
384
374
267
369
312
373
419
0
291
283
408
388
350
368
419
419
404
373
350
404
279
302
261
419
303
9
289
408
419
388
291
286
0
256
214
414
366
366
387
419
367
387
374
388
302
374
388
291
350
373
376
416
369
387
413
302
312
408
0
329
418
388
312
302
366
419
373
210
255
312
368
416
285
373
373
271
279
361
394
368
399
387
408
0
399
373
366
0
254
419
368
302
291
372
419
370
388
388
408
394
312
350
419
280
327
255
388
388
0
386
0
366
285
419
246
416
273
387
254
394
372
359
387
214
283
386
350
388
399
387
366
363
386
399
302
373
388
289
312
367
280
399
366
387
214
290
357
291
388
414
256
255
260
373
246
366
262
388
312
350
387
291
283
413
369
0
274
368
385
353
394
274
388
377
244
403
386
350
372
302
289
419
408
238
419
374
366
372
274
312
387
291
408
419
298
366
284
302
255
408
260
362
388
368
388
381
414
388
373
368
408
285
366
293
388
366
374
419
387
373
373
350
274
