149166
11	35080	61529	88002	101282
15	69019
23	253	5251	5465	8341	10653	13837	14872	14986	16362	20552	21736	26831	27018	28132	32033	37091	43263	45008	46596	50851	50863	53980	56196	60732	62606	67071	72235	74233	74853	78420	80762	81766	84907	85265	89878	91738	91932	92019	92114	95590	100202	103772	108763	113043	122421	129956	130126	131714	142160	142975	144984	145239	145270	145526	145629	145720	145862	145919	145933	145948	146168	146343	146514	146555	146697	146831	146885	146927	146953	146968	146977	147083	147153	147182	147294	147355	147368	147754	147758	147759	147825	147944	148102	148114	148178	148352	148517	148672	148749	148824	148953	149042	149091	149107	149108
24	395	790	879	1083	3279	3966	4708	5210	5983	6065	6651	8577	10282	10609	10838	13107	13957	14398	14613	15733	15805	15968	17656	17828	18572	18640	18641	21032	21225	23018	24277	25875	26603	27301	30909	31201	32992	34143	38534	39342	41280	42935	47128	47517	49905	49912	51031	53021	53246	53784	57572	57916	60009	60162	60800	60856	62146	64215	67427	67733	68107	71302	71303	72387	76827	80171	81219	87204	93227	93411	95578	95839	100283	100551	102584	104633	105061	108795	111613	114043	114190	116613	116824	117159	118725	120096	120315	120368	122768	124809	125061	125278	129113	131322	132979	133988	137516	137579	138999	139479	139716	140372	141817	142161	142935	145017	145054	145069	145073	145095	145129	145217	145220	145235	145284	145318	145364	145398	145497	145513	145564	145579	145593	145598	145605	145609	145639	145687	145738	145787	145814	145822	145929	146024	146027	146050	146172	146210	146329	146401	146521	146534	146546	146551	146563	146591	146598	146614	146682	146701	146799	146804	146822	146862	146888	146926	146974	147004	147063	147103	147118	147149	147302	147342	147349	147363	147420	147580	147581	147596	147628	147644	147729	147733	147766	147769	147787	147810	147883	147908	147916	147962	147995	148007	148025	148026	148115	148158	148182	148225	148260	148282	148542	148545	148625	148701	148751	148886	149055	149097	149099	149127	149143	149158
25	111737
26	9866
31	46437
46	146769
51	4954	6163	16201	16400	17843	18591	19545	21522	22354	22524	24432	24798	25251	27092	27695	32553	32963	34606	35055	35979	36053	43531	44154	44359	45322	48801	49723	53320	54213	57631	59261	61004	63747	64177	64395	65332	65696	68521	70109	70986	71876	73587	73709	78324	84705	86563	87850	89586	89634	89998	90619	91919	93159	95375	96421	97284	100038	102927	105109	105397	114599	120149	126335	126849	132038	132515	133136	133497	133938	133978	136166	136590	137414	139994	140752	142167	145137	145150	145161	145169	145244	145277	145387	145432	145487	145521	145538	145542	145686	145980	146009	146064	146079	146125	146163	146199	146225	146238	146244	146296	146338	146398	146419	146438	146446	146652	146662	146669	146696	146779	146798	146803	146829	146928	146934	146989	147114	147125	147198	147228	147385	147390	147410	147424	147426	147830	147834	147860	147913	147918	147936	147977	147988	148073	148074	148100	148108	148157	148173	148439	148667	148741	148831	148865	148882	149000
58	137213
59	28270	69752
66	148197
74	86868	103896	104096	104146	114816	118608	138683	144793
75	11572	13863	24765	38760	38866	39676	40607	45007	56547	80384	86446	92859	95957	100705	110447	121341	126806	138679
91	84343
92	147764	149144
93	13542	40687	48406	51826	70781	73068	79360	80350	82285	82336	96401	98642	102176	103717	107690	121555	127407	137808	147071
96	83691
102	149067
103	145753	146088
107	51614
112	57165
116	147254
118	147699	148670
125	47312
