18602
14	205	568	1846	2044	2227	2240	2307	2322	2523	3239	3548	3904	4069	4120	4607	4808	4954	5235	5799	5901	6284	7212	9328	9616	11049	11566	11788	11822	12215	12271	12295	12471	13226	13715	13761	13968	14347	14698	14713	15182	15354	15546	15651	15756	15816	16424	16821	16851	16964	17135	17153	17431	17988	18436	18450
21	16097
25	5857
31	14629	15813	15823	16506	17479
32	1458	1881	2095	2397	2501	3316	3985	3986	4170	4862	4951	4952	6345	8690	9164	9312	9456	11594	12562	12750	12763	12764	13169	13308	13328	13394	13407	13466	13522	13549	13649	13781	13815	13837	13890	13892	13983	14102	14216	14318	14337	14440	14475	14509	14567	14738	14810	14827	14859	15071	15081	15110	15203	15215	15298	15331	15341	15455	15514	15545	15553	15574	15786	15824	15877	16033	16040	16208	16230	16246	16298	16376	16425	16578	16690	16739	16769	16800	16860	16960	17015	17170	17244	17303	17371	17492	17563	17579	17586	17604	17608	17647	17648	17691	17696	17707	17772	17878	17918	17955	18044	18185	18215	18347	18552	18569	18584
33	10803	11532	13570	13705	15040	15513	16567	16712	16919	17075	17158	17317	17424	17452	17880
37	7133	10108	13193	15673
38	16607	18456
49	1882	13780	14013	14730	14814	14891	15872	15999	17782	18142
50	2502	12360	13293	13824	14093	14562	14675	14765	15550	15867	16132	16165	16253	16617
66	5560	18220
67	421	422	763	764	2136	2881	3260	4142	8286	8536	10518	10839	12193	12194	13047	13048	13137	13176	13262	13266	13288	13387	13423	13492	13648	13790	13841	13869	13891	13909	13941	13944	13963	13993	14094	14120	14143	14154	14157	14190	14224	14288	14314	14348	14365	14445	14558	14601	14602	14623	14632	14643	14676	14701	14956	14961	14973	15026	15042	15044	15063	15191	15297	15345	15390	15392	15401	15432	15598	15640	15708	15716	15717	15749	15794	15804	15815	15949	16179	16220	16258	16272	16277	16385	16486	16489	16498	16523	16602	16661	16662	16676	16677	16709	16836	16842	16852	16900	17029	17050	17061	17192	17217	17226	17268	17319	17332	17384	17391	17399	17406	17439	17483	17546	17555	17631	17690	17762	17805	17807	17867	17952	17968	17993	18021	18087	18249	18332	18375	18393	18402	18418	18472	18478	18489	18528	18600
81	5850	10329	10467	14345	16356	16659	16681	18241
82	191	1547	10330	13368	14244	14910	15792	15947	15988	16749	16772	17969	17975	18097	18131	18238
84	3585	4100	4544	10506	12061	14656	15163	15762	16063
90	13244
91	1161	14008	14485	15134	16366	16654
92	163	1241	1242	1254	1923	2435	5012	5461	6088	6123	6282	6305	6758	11109	11540	13149	13304	14077	15201	15402	15414	16057	16215	17562	18119	18315
93	314	970	1209	1484	1963	3197	3256	5272	7974	10902	11174	13988	14529	14576	14589	14916	15273	15692	15973	16116	16850	16937
107	1551	2075	3951	4406	7782	8006	10495	10521	13326	13564	13609	13771	14771	14951	15209	15700	16185	16284	16660	17190	17279	17331	17900	18306	18510
108	5940	6200	7227	7781	8924	11579	11840	13219	13329	13477	13494	13758	14200	14370	14564	14592	14894	14911	14914	15090	15180	15427	15909	16111	16137	16487	16619	16750	16841	17460	17636	17790	17870	17872	18416	18435	18546
114	619	13297	15364	15683	16091	18070	18561
118	5676	14211	14719	14748	15033	15881	17821	18092
