0
0
0
0
0
0
0
0
0
0
0
0
0
0
0
0
0
0
0
0
0
0
0
0
0
0
0
0
0
0
0
0
0
0
0
0
0
0
0
0
0
0
92
95
130
122
114
130
103
95
130
130
125
117
122
125
120
119
108
96
97
95
102
103
95
108
108
117
95
92
110
95
95
102
102
108
94
95
0
0
122
122
95
96
100
103
130
113
110
96
90
95
122
117
110
96
125
106
130
130
91
96
130
122
122
122
93
103
122
117
102
103
108
117
101
100
95
95
108
95
102
95
125
108
102
108
95
95
130
113
122
120
119
122
122
122
125
130
100
102
108
108
130
117
130
130
107
117
96
96
108
108
102
114
115
120
108
117
117
114
95
94
95
102
90
94
114
108
96
96
130
128
122
117
130
117
128
117
122
125
0
102
130
130
120
122
95
96
122
117
130
117
120
120
96
110
108
108
130
125
90
96
110
93
130
130
130
96
108
102
108
114
117
108
102
108
130
117
102
102
125
117
130
128
90
96
130
117
130
110
102
95
120
121
103
96
102
108
110
110
96
95
95
110
117
130
95
96
117
95
130
130
130
114
130
130
122
130
108
113
110
108
130
122
96
96
95
95
120
120
130
122
120
117
114
102
110
96
130
117
117
108
110
110
114
130
0
117
114
102
125
114
103
103
117
113
130
117
103
108
130
114
120
130
121
117
108
114
108
101
130
114
96
95
102
102
120
122
130
128
110
96
115
122
120
122
114
108
96
96
122
120
95
95
95
102
102
102
108
125
102
89
103
108
125
120
96
110
96
110
114
130
95
96
122
125
114
110
130
130
125
130
108
95
101
108
125
106
120
128
96
96
122
120
120
125
0
120
117
122
96
95
96
102
130
114
130
130
125
122
110
96
120
130
130
114
96
110
130
122
101
95
108
108
102
102
96
94
130
108
95
102
96
91
117
118
130
130
130
125
95
95
95
108
96
92
122
122
108
102
122
120
113
101
110
102
130
130
130
117
101
104
95
0
99
101
95
96
130
108
130
130
92
108
103
95
102
95
120
122
115
120
106
102
130
125
97
87
110
90
101
102
130
122
130
122
108
117
122
130
120
120
102
96
95
101
108
102
118
120
96
94
122
130
117
95
130
122
95
95
102
103
102
114
0
130
110
110
103
108
101
102
102
99
103
102
117
130
95
96
96
90
125
120
110
110
109
96
95
96
110
103
114
110
122
0
96
95
130
122
95
90
100
103
122
130
122
120
0
0
96
95
96
94
108
117
102
108
103
108
125
130
122
120
96
95
102
90
130
120
103
102
96
96
125
122
120
122
103
95
114
108
120
118
96
96
90
95
108
96
120
122
102
95
127
120
114
108
95
96
130
130
110
92
122
130
108
108
122
130
130
130
119
130
108
108
95
95
101
108
118
119
114
96
96
96
130
122
102
102
102
95
108
130
108
102
96
95
96
96
120
122
95
102
120
122
95
102
102
102
95
95
125
117
95
97
96
117
110
130
100
90
121
114
113
130
122
120
109
96
90
110
108
95
108
130
90
95
130
110
95
103
125
114
110
95
122
122
130
121
102
102
108
102
125
117
95
110
95
94
114
108
95
96
95
103
96
110
95
90
108
110
117
108
120
122
103
108
95
102
95
90
97
110
108
114
102
100
95
95
130
130
93
86
94
95
95
94
117
130
110
95
102
95
95
103
115
115
108
101
95
101
108
103
110
108
108
108
114
125
103
96
130
122
122
122
95
103
110
87
122
120
110
95
102
0
95
95
103
102
122
130
114
103
120
120
130
130
108
100
128
130
108
103
130
125
122
117
122
125
110
96
117
108
102
96
130
120
102
95
93
90
130
130
120
122
114
108
94
110
128
114
114
108
124
125
95
95
120
122
122
122
115
120
108
114
108
103
96
109
117
102
125
130
117
128
90
92
120
120
108
114
125
117
109
110
100
108
122
125
108
101
102
95
96
95
102
108
95
110
0
96
120
120
122
120
102
95
96
95
120
120
117
114
117
117
130
0
108
102
96
96
130
114
122
120
130
128
117
130
110
96
103
108
95
95
114
103
117
114
95
95
108
108
118
120
122
130
95
95
86
96
130
114
117
125
96
94
101
103
102
103
90
95
102
101
102
102
102
95
102
101
108
103
95
102
102
101
130
117
93
90
102
95
102
102
0
90
120
130
110
110
96
100
102
122
120
120
102
130
102
117
130
130
102
92
119
117
130
128
130
90
109
110
108
95
110
130
91
114
95
130
102
108
96
122
122
94
120
121
120
0
120
96
117
0
95
108
94
108
122
102
122
130
102
95
110
114
108
94
0
120
121
122
117
122
122
109
102
120
95
110
120
110
120
122
110
120
95
122
120
110
120
110
99
96
103
110
120
96
120
120
0
0
0
102
96
122
130
0
122
117
120
95
109
96
114
110
110
0
110
110
120
109
95
110
110
90
108
110
110
110
119
90
110
120
96
120
108
110
90
110
130
125
94
110
106
110
122
0
122
95
120
110
94
122
110
120
103
130
120
110
102
90
102
130
110
122
122
0
110
120
96
0
109
103
122
130
0
0
95
108
110
110
105
101
110
122
122
102
109
96
130
90
90
102
96
120
122
110
103
110
110
110
110
120
117
122
110
95
108
120
102
96
122
110
110
120
96
120
120
103
100
102
102
125
120
106
122
120
110
120
120
102
122
95
95
103
120
102
122
118
125
120
96
103
120
110
104
96
95
109
91
108
95
120
120
120
96
110
0
101
109
102
0
130
101
122
125
122
130
125
122
120
122
0
95
94
99
110
121
108
122
110
120
0
108
117
120
110
110
95
0
120
95
120
120
95
119
120
96
96
120
122
96
110
122
110
117
120
119
96
120
92
120
105
120
96
110
110
120
110
120
125
110
120
110
130
120
120
122
120
110
122
0
102
117
110
120
110
122
122
102
128
102
90
130
110
110
110
96
95
110
96
109
110
122
120
96
110
120
122
120
95
122
103
110
102
122
102
120
125
96
102
117
130
108
120
110
125
105
102
109
0
130
130
110
102
99
117
125
130
102
110
120
95
94
108
130
103
110
103
122
97
130
114
110
125
110
102
120
108
90
121
125
117
110
110
130
128
117
100
96
125
102
120
108
108
102
122
100
114
130
106
95
114
101
110
95
96
120
102
120
114
122
101
122
120
130
101
130
117
114
125
117
117
91
120
0
108
120
95
95
108
108
110
109
130
95
117
102
96
108
110
130
102
95
122
120
96
110
103
102
125
102
95
95
96
108
110
117
128
117
114
120
114
110
0
122
130
95
130
92
122
114
108
110
120
130
122
117
100
102
114
103
114
96
125
122
110
115
102
130
102
122
125
114
102
121
114
108
120
96
102
91
93
102
0
108
122
128
108
0
114
114
0
96
96
96
