135017
30	133055	134081	134228
44	17712
52	55111
53	133751
54	57908	78580	116981	134782
55	117806
57	133887	133978	134786
59	134194
66	2602
67	26712
69	74989
70	132670
73	133749
80	71136	74920
86	11414
88	58856	74010	95296	114794	118067	118791	124903	129428
90	85165
91	34375
96	133056
103	134642
107	20920
108	62065	77920
110	119364
111	132601
114	132611
115	10231	10232
117	70970
124	2534	4785	6426	10688	11976	12121	13584	14359	14732	20332	20482	23173	23401	25263	25418	25928	25985	29413	29818	30712	33247	33611	36335	37894	43284	43401	43725	43815	52827	54306	56466	59308	60430	63814	65170	71283	71644	78055	81455	81849	83221	84190	84338	85690	86602	92237	96338	97279	98151	99169	99238	104840	107309	108374	109646	110462	110866	112304	113485	113737	118758	120796	123259	123727	123973	128639	128725	128872	129862	132451	132688	132723	132859	132896	132922	132926	132988	132990	132993	133025	133027	133271	133301	133313	133316	133349	133369	133572	133625	133639	133679	133702	133755	133791	133826	133864	133881	133917	133976	134003	134050	134052	134080	134122	134135	134159	134180	134224	134321	134345	134371	134405	134419	134438	134455	134461	134464	134470	134490	134516	134540	134554	134585	134602	134605	134711	134807	134869	134879	134940
