57170
0	42492
4	612	25342	35608
5	17505	28318	49692	54467	56192
16	25470	54571
29	52428
30	12582	42365
31	7696	11853	16474	20724	23094	30961	44323	54840
32	6950	13654	27112	43352	49501	52275	54584
33	23782
34	18200	50159	53696	56663
41	47854
47	52244
56	32822	43189	52183
57	16777	22263	31486	40735	45723	49276	51330	51505	51972	54946	54955	55760	56373
60	25787
61	39930	42037	50082	50806	51562	52929	53228	53668	54103	54384	54388	55869	56563
62	4623	8989	13167	36180	37198	48531	48674	48775	48825	49055	49196	49483	49484	49679	49911	50068	50222	50317	50685	50823	51085	51210	51873	52195	52276	52303	52388	52515	52705	53140	53359	53838	53969	54082	54142	54167	54380	54512	54565	54740	54808	54893	55093	55102	55278	55498	55643	55907	55966	55973	56184	56215	56396	56624	56677	56742	56857	57006	57049	57154
77	48020
80	53629
82	39020
84	9060	41866
85	23050	51590
86	51728	53350
87	1164	27558	29383	41680	51731	55391
88	5921	10547	16980	27404	42420	45323	49256	50483	52417	53317	55605
89	50170
90	10977	40376	50028
91	49807	55796
92	29724
93	3049	15166	23300	39167
94	47788
95	185	16511	51436	52152
97	27344	45550	48510
98	50003	51479
99	912	1455	1891	3350	4090	4743	7141	7349	8292	8366	12645	15636	15687	15924	17013	21237	23504	24572	25444	27198	27454	28340	29406	30794	34702	35400	36350	39014	39154	40835	40924	41222	43133	43289	44802	45293	45555	48792	50247	51762	52855	53078	53590	54873	55736	56267	57107	57163
100	724	3991	6461	7009	9647	10692	10721	12054	13308	15214	16261	18319	20623	22504	26511	28075	29524	30575	36658	41211	42094	42147	43383	43947	49676	51909	53375	54954	55555
101	9913	52157	53048	53468
102	56999
104	371	578	594	1228	1739	1820	2651	2821	3370	3489	4412	5074	5250	5493	6287	6657	7324	7620	8244	8503	9236	9916	10041	10057	10672	11071	11519	12064	13434	14588	15134	16028	16093	17081	17603	17940	17980	18156	19241	19681	19852	20016	20683	21181	21210	21388	23236	24311	25571	25572	25924	25997	26419	28086	28590	28658	28712	29326	29543	30444	31081	31992	32225	32918	33732	34656	35916	37121	37291	38805	40036	40172	40565	40662	40756	41186	41464	41784	42310	43227	43346	43606	43975	44337	44533	45025	45059	45917	45975	47007	47466	47605	47632	48490	48511	48950	48957	49140	49356	50196	50945	50980	51117	51188	51442	51770	52020	52172	52504	52816	52824	52982	53145	53159	53473	53812	53823	54564	54749	54787	54809	55494	55658	55868	56174	56378	56427	57069
106	47612
107	6534	8727	21468	35572
108	6531	10314	10764	13999	19912	21987	32121	38160	42477	43509	48695	50646	54041
109	54280	55096
110	5834	7579	9498	13842	26120	32452	34992	46806	53071	55380
111	291	921	1075	1191	1224	1403	2362	3357	3540	3719	3879	5557	7395	7478	7634	7796	8458	9777	10445	11185	11273	12840	13841	13969	15437	15894	16020	16691	17396	18039	18409	18891	19730	20163	20626	21439	21502	22008	22375	22806	23360	23605	24472	25472	25485	25505	25755	26224	26349	26456	26651	27110	27427	28055	28083	29238	29262	29921	30502	30861	31409	31544	31731	32688	33128	33823	34796	34923	35899	36688	36713	36921	37173	37571	38554	42021	42227	42263	42454	42855	43981	44103	46805	47127	47253	47786	48118	48291	48751	48766	48834	48870	48894	49021	49183	49388	49419	49665	49694	49731	49758	49792	49914	50173	50486	50554	50558	50609	50645	50782	50861	50903	50923	51061	51113	51135	51222	51375	51620	51979	51987	52079	52105	52406	52454	52949	53132	53353	53431	53439	53501	53679	53744	54272	54745	54908	55125	55203	55332	55335	55340	56016	56099	56210	56241	56318	56331	56442	56579	56707	56784	57033	57078
112	440	1638	1655	2811	3621	5819	6403	7099	8732	10791	11250	11580	12342	12896	13544	14319	15830	17601	17911	18157	20860	22402	22423	23919	24067	24532	25608	26490	27058	27192	27436	30744	30844	32962	34800	38866	40398	44101	44412	46448	47259	48492	48542	48654	48904	49048	49574	49577	49866	49884	49979	50030	50152	50191	50199	50213	50245	50397	50509	50574	50612	50633	50857	50921	50932	50962	51048	51192	51416	51490	51500	51727	51864	51892	51899	52073	52132	52175	52427	52689	52749	52897	52912	52952	53108	53119	53320	53360	53721	54003	54165	54500	54520	54746	55638	55803	55924	56037	56245	56324	56494	56541
116	10793
