17301
23	6614
31	2194
47	12928
51	4939	8019	9334	13639
59	11189
64	9298
68	814	3991
69	15354
70	15886
74	1587
80	11480
82	926	5854	6328	7705	10421	12065	13328	13452	16116
83	2520	7386	8608	14059
87	13070
89	269	761
92	7940
95	12718
96	7775	14828
99	14804
108	15222
112	2331
113	8874
116	12219
119	1598	2789	3053	5300	9964	10525	11143	11393	12550	12740	12793	15083	15276	16004	16539
121	451	614	1274	1853	2111	3766	3876	4084	5635	6190	6287	6727	7048	7715	7862	7895	8141	9082	9341	10507	10583	10640	11108	11112	11573	11687	11822	12109	12534	13025	13110	13148	13339	13609	13677	14893	15657	15763	16064	16546
122	744	2330	7632	8650	9620	9671	10120	11183	11891	12397	12699	14017	15492
124	4812
126	8337
130	3445	9850
132	2067
136	13757
137	7856
148	14903
152	9390
153	5678
158	7110	13716
159	15845
165	9625
168	11164
169	5707
173	14776	16077
174	3146
179	4144
183	4614
184	3065	4292	5504	10988	11856	14109	16939
185	839	14289	16730
187	2155	2436	2492	2719	4377	8327	12864	13579	13648	13863	15024	15942
188	7113
195	4405
