19207
39	4569
67	3653	4694
68	13900
69	11664	13770
70	17129
72	1875	7465
73	2046
74	3071	7839
75	12997
76	4048	5438	17221
77	13204
79	13092
80	6345	10402
81	11261	18140
82	7513
83	13837
85	4470	11118	13082
87	2793
88	13977
89	12620	13678
90	17626
91	1165	1658	1736	2191	2718	8530
92	5227	12821
93	16075
95	448	842	3697	3934
96	7986	9943
97	9127
99	461	7189	10837
103	4793
104	13071	16643
107	12201	18443
108	4324	6106
109	1513
111	754	2758
112	7867	18718
113	1831	6520
114	9116	14828	18813
115	14562
117	7751	16326
121	5663
124	8034	8337
125	10851	13808
127	13941
129	4905
130	2154	6250	12635	15355
