80307
11	77444
13	76023
17	69879
18	2922	7184	9051	13659	14520	18813	26997	37723	47991	70742	74968	75163	75358	75467	75470	75521	76308	76509	76856	77635	77729	78570	79525	79602
19	12241
29	80212
30	7321
32	463	10052	14704	20539	22762	26170	27008	29814	33180	33769	36018	36019	36790	36791	44482	51112	51113	52753	55484	61969	62100	68484	70574	74961	75228	75229	75436	75477	75549	75605	75646	75679	75816	75967	76030	76123	76164	76483	76547	76582	76788	76848	76948	77135	77411	77455	77514	77531	77710	77768	77800	77824	78002	78069	78189	78222	78322	78326	78472	78515	78552	78608	78640	78650	78707	78754	78836	78916	79139	79149	79201	79379	79528	79545	79622	79635	79654	79745	79750	79770	79820	79821	80072	80138	80261	80265
33	79907
35	1657
38	30919	37084	54100	54825	66247	75421	76014
39	15810	17189	44023
43	26671
50	48131
58	32275
59	32274	55331
61	4860	6377	7041	13748	22584	22750	31575	31655	34697	38170	39618	39832	39974	41456	44320	45660	47384	47765	48142	51150	53004	53794	54308	55942	57774	61888	65934	70532	72821	74657	74713	74771	74878	80201
62	2467	2743	4065	4262	4385	4790	4883	5034	5774	5940	6380	7548	7554	10286	12216	13254	14854	15681	15949	18846	19198	19616	21385	21685	21687	22451	24983	25753	27868	28450	28836	29582	29856	31761	32464	33650	33962	37905	38369	39407	45577	45661	46067	47031	49941	50470	51425	51717	53795	53852	54518	55663	56167	56506	60015	60947	64383	65027	65103	65741	66538	66748	67458	70207	72480	77393	79707
66	19279
67	34860
69	75162
85	77114	77432	78088
91	46704	59738
92	31045	31301	31933	42608	44404	49294	56866	78188	79648
93	3199	4502	42478
94	26691	26717	67203
106	30707
107	1149	1434	1814	3036	4743	5102	5553	6022	6917	7333	7561	8199	8266	8903	8984	9673	9788	10754	11040	12657	13235	13706	14526	14527	14987	15425	16420	17709	18099	19557	20817	21383	23242	23322	23505	23679	24632	25348	26829	26916	27585	29724	30055	31059	31347	32368	33524	33548	34294	35488	38758	39518	39519	40465	40501	44099	46014	48122	48572	49088	49333	50999	51133	53031	53147	54171	55578	55606	55607	55865	55930	56851	58109	59297	59603	59890	60884	60923	62070	62169	62200	62419	63161	63721	64118	64303	68173	68648	69025	69109	69198	70456	72233	74990	75130	75233	75320	75356	75375	75384	75414	75420	75627	75653	75725	75788	75801	75835	75854	75913	75914	76000	76070	76130	76152	76242	76288	76296	76427	76429	76439	76478	76511	76603	76666	76730	76810	76861	76884	76934	76935	76996	77291	77384	77454	77476	77518	77548	77585	77610	77715	77835	77883	77903	77917	77932	78096	78533	78614	78681	78736	78740	78767	78792	78864	78892	78897	78966	78999	79042	79080	79093	79098	79160	79187	79558	79562	79596	79870	79881	80179	80256
108	1668	1815	2729	5441	11629	12348	12350	15041	15788	16527	16877	17949	18279	19398	19652	22651	22832	29502	30054	33110	34557	35603	37556	39137	45015	45572	46881	49889	50775	51314	54928	56106	59463	61143	62220	64873	70640	71998	72628	72833	73757	74947	75142	75206	75239	75319	75748	75750	75880	76083	76088	76119	76199	76227	76375	76378	76407	76491	76594	76684	76766	76921	77308	77312	77489	77553	78439	78655	78907	79126	79174	79232	79445	79594	79979	80069	80071
115	33128
116	54866
118	3089	7834	8220	8431	10535	13156	13157	16825	20954	22556	25651	33544	35938	37014	39444	43247	43762	48717	49044	49845	51428	53834	63418	63807	66042	69950	72539	75637	76259	76332	76444	76487	76545	76667	77180	77428	78104	79580	79609	79880
120	76316
121	80210
122	76012
