31748
0	2323	5012	12373	16792	18245	24937	26644	28893
1	1488	3801	4642
2	21986	23718
3	13583	26205	26794
4	16424	28203
5	7418	24505
6	5871
7	11962	13306
8	21189
9	30364	31527	31566
10	6953	8512	12424
11	5118
12	2093	16295	18150	22577
13	3876	7737	29471
15	7600	17048	17447	18465	22580	24957
18	802	4442	29370
19	7955
21	4451	4786	24797	29424
22	3016	4344
23	20446	22004
24	1483	4434	7063	20100
25	7052	25695
26	1259	11099	18740
27	19507	21583	27001
28	27187
29	12187	15099	19716	20267	26733
30	11702
31	4705	19429	21227	26940	29606
32	3431	31599
33	1128	1368
34	9111
36	19262
37	21161
40	10947	31581
41	8458	27549
43	690	4406
44	29561	31065
45	4250
46	14630	20878
47	30025
48	16590	30894
49	8007	14340	26265	26493
52	10230	27985
54	7679	9768	11857	19386
55	1737	15271
56	13840
58	4529	5908	6412	8448	21387
60	19402
61	16475	17243	17651	26805
62	15069
63	9212	26943
64	410	4301	15600	22687	25306
65	2259	6013	7912	16626	17749	18699	20440	22075	27217	28089	30991
