2571
0	2299
3	1924
4	1136
5	1732
6	1480	2516
9	428
10	2159
13	1179
15	1768
16	194	493	1077	1793
18	369
19	390	928
23	1678
28	556
30	541	726
31	1217	1688	1740
32	106	107	306	356	456	728	877	1147	1192	1393	1443	1520	1711	1759	1869	2073	2176	2358	2406	2467
33	138	423	528	567	773	830	900	976	1017	1133	1170	1293	1297	1307	1332	1432	1478	1538	1643	1893	2231	2305	2307
34	1050	1284	1356	1448	1724	1754	2398	2445
35	293	370	768	1100	1187	1392	1469	1691	1919
36	75	1763
37	1933
44	2379
47	235
50	1044	1183
51	1212	2518
52	410	1731
53	2141
54	1126	2457	2557
56	421	1090	1783	2446	2466	2522	2549
57	1407	2032
58	261
59	1078	2369
60	2475
64	2392
