142191
1	114308
2	33023	138375
3	84572	126368
5	3078	21701	35832	104181
6	37202	49594	57926	68046	81320	113322	115250	119035	130875	136914	137202
7	57927	78651
8	43376	78650	140429	142013
9	87800	87801
10	139526	139855
12	121642	138955
13	71942	120949	123467
14	104338	104395	104781
15	88859
16	15083
17	53627	137701
19	56829	70512	84076	96219	138334
20	29448	138677	142027
21	1488	30526	46096	53807	64619	86460	90612	100673	113477	114555	136211	138105	139323	139920	140970
22	15845	140644
23	112867	137585	137630
24	54973	82343
28	1666	16870	38032	57277	70569	70920	98321	138577	138787	141797
29	3765	27611	29785	43573	54061	92159	101133	140168
30	135035
31	88036
32	29073	30429	62398	138017
33	38519	56305	76126	91314	117707	123576	140169	142163
35	17094	26758	56391	56457	57021	62744	76454	83006	85451	129972	140162
36	3535	31093	52805	140874
37	44567	61571	73349	139252
38	21028	83522
39	30013	47813	77183	115308	141302
40	21793	24095
41	30941	48045	48518	51357	74277	85168	121482	128717	129214	135384
42	33126	86893	97190	140852
43	77641	86585
44	41727	137851
45	49723	90393	106007	127968
46	21685
47	139326
48	3638	37045	98175
49	23817
50	137990
51	119209
52	140175
53	93133
54	636	21081	25338	26119	33724	35033	37159	42202	46659	49457	55149	55780	86753	87589	89785	92728	99325	113553	114652	115779	123935	127782	137607	140609
57	82516	115618	122686
58	21428	140464	141666
59	49804	53324	139567
60	113613	139283	140399	140692
61	140446
62	122590	122591	140182
63	41754	53587
65	32665	43929
66	82715	95753	104195
67	120464
68	42864	141620
69	2619	8658	15651	19683	28523	34625	36900	37354	39796	42865	56400	59497	70656	71811	75708	76928	80120	80322	80508	89450	90268	94264	94714	95606	102851	106802	107786	118515	120931	123827	133300	138361	139291	141198
70	576	1272	2682	5439	6836	9415	11094	13334	16430	18352	20851	25162	26578	31491	32981	52344	56320	56509	57466	58305	63513	64017	66555	70884	76024	76929	79317	83547	88165	93293	99641	101955	110250	112183	120270	125433	131491	132476	141136
71	11027	94591
72	58483
74	84039
75	86436
76	73039	118357
78	43821
80	99115
81	58716	139903
84	137609
85	34185	65419	65421
86	138506	139881
87	78295	137875	139179
88	3065	34004	83556	118261	139122
89	14142
91	31078	114531	115732	137922	138362
93	84397	111196
94	37429	83293
95	284	39668	138103
96	46700	138325
98	57642
99	34424	50824	60326	66687	103365	106774	111159	116089	126548	138862
101	137733
102	55680
103	118105
106	4675
108	18407	21647	24488	33560	46557	58795	60929	65581	107281	125860
109	9154	16417	19611	25932	30542	39464	76127	77023	105801	108439	120602	137764	140080	140775	142052
110	65387
111	99543
112	30538	34795	44657	53956	87351	93991	118563	127420
113	59249
114	14249	25778	28311	30311	44337	58539	74639	83523	133555	137849	141608
115	2780	16658	48131	49313	95800	108700	122912	123384	139774	140893
116	34333	118364	139414	139779	140861	141424	141599
117	91637	133032
119	129225	139251	140662
121	1142	4319	10556	11106	12608	14657	15437	28401	32304	36776	47254	61913	70103	76794	79487	82554	83974	85312	87978	91702	93110	95141	105694	115243	116109	137557	138722	139623	140143	140821	140910	141001
122	1671	5181	5967	9276	11365	11982	12533	17628	25152	26344	27824	30025	38179	40874	44181	45028	49621	56552	62577	62939	75932	83574	85809	86060	90244	96393	108317	115302	123770	127594	137600	138196	139295	139814	141374
123	138003	141340	141732
124	138754	139712	140327
