19207
32	5712
65	12528	12635
67	17948
68	4694
70	11664	17129
71	16668
72	1875	8198
73	7465
74	3071	4870
75	4653	7839
76	12997
77	4048	5438
81	18140
82	3246
84	13837
86	5668	13082
87	2793
90	4212	5723	8764	12620
92	1165	2191	2718	12087	12821
93	9321
94	8172
95	3011
96	1267	3697	3934
99	5915
100	4669	10200	10746
104	10598
105	11067
106	6358	9885	12320
107	12175	18443
109	4324
110	7935
111	754	1551
112	2758	3997	18433
113	7867
115	9249
117	19074
121	4757	5663
126	2865	8442	15392
128	13941
129	2315
130	2154
