98453
13	85267
36	1253	2695	20839	20888	52005	56438	56791	81802	85303	86161	86690	91033	92139
45	32157
56	58449
60	83528
77	72460
97	97999
111	31681	32581	67063	81579
158	19927	35937	43214	81812	85578	87093	93427	94469	98008	98029	98082	98217	98428
183	98166
228	15051
232	9800	22210	35491	47601	74029	92604	98011	98358
233	9952	69784	78378	83204	97996	98050	98288
254	98360
271	88557
274	8039
280	98055
292	59424
311	34279
331	98223
343	1236
354	98270
355	15050	31059	39629	46271	75746	97225	97929	98254	98378	98431
359	14973	25067	37020	37541	43215	68883	83291	91014	98111	98119	98183	98261
