60776
1	60551
3	6865	13108	16275	50033	54012	54041	54267	54471	57006	57036	59677
4	29757	59606
6	21294	30140
7	50336
10	45516
20	53622
30	13043	13966	16105	17293	23752	29085	30985	33957	35021	36095	37413	39897
31	1041	2606	3772	5082	5778	6945	7052	10161	10821	12417	14782	20520	21313	21321	21965	23297	25652	26962	27155	30477	30719	32488	33790	34704	36268	38202	45774	46250	51145	51462	52221	52222	52560	53165	54098	54314	55059	55354	56047	56157	56532	56937	57217	57262	57358	58329	59087	59121	60727
32	35933	53738	55631	55781	58580
36	30492
46	2509
57	39595
61	54311	54943	57110	59197	59552
66	5784	12847	18022	25025	26350	29235	29236	31369	34139	34140	36910	39145	50701	53701	53714	53778	53795	53827	53956	54054	54114	54152	54227	54352	54354	54426	54455	54528	54536	54573	54624	54637	54678	54751	54792	54829	54851	54967	54977	54991	55003	55119	55139	55315	55324	55420	55522	55593	55599	55677	55847	56001	56190	56248	56250	56609	56794	56883	56990	57108	57196	57232	57244	57326	57380	57457	57479	57528	57613	57687	57703	57867	57921	58045	58088	58181	58183	58218	58287	58309	58397	58485	58498	58500	58528	58586	58673	58843	58968	59045	59091	59181	59209	59216	59249	59334	59346	59410	59423	59446	59472	59522	59627	59698	59850	59876	59890	59955	60058	60072	60261	60276	60277	60369	60425	60492
67	3932	39146	43582	46050	53901	54064	54265	54707	55422	55579	55793	56247	56631	56805	56861	57025	57074	57300	58233	58414	58632	58825	59051	59170	60620	60642
70	52370
80	28850
84	27885
86	55719
90	56466
93	54671
101	1935	1936	3879	4807	5250	16155	16156	25703	29325	30346	41079	41080	48548	50020	50315	53742	53748	53761	53785	53939	53963	53976	54037	54042	54059	54100	54104	54303	54401	54465	54529	54532	54600	54619	54621	54629	54648	54675	54697	54758	54858	54865	54902	54914	54917	54938	54939	54984	55002	55029	55067	55091	55111	55215	55243	55326	55358	55378	55384	55414	55650	55767	55769	55776	55837	55839	55903	55931	55964	56003	56031	56043	56103	56117	56155	56174	56182	56184	56210	56211	56220	56274	56308	56372	56399	56608	56679	56737	56740	56766	56782	56852	56855	56870	56890	56917	56932	57024	57039	57077	57096	57207	57313	57319	57339	57450	57493	57542	57556	57563	57587	57616	57780	57929	57969	57971	58016	58092	58118	58201	58240	58264	58279	58286	58382	58611	58613	58640	58709	58775	58804	58893	58928	58929	59019	59020	59052	59186	59222	59252	59275	59397	59414	59442	59553	59556	59664	59673	59705	59725	59745	59758	59798	59909	59929	60044	60283	60299	60345	60511	60514	60537	60582	60586	60622	60648	60756	60758
102	3831	46378	50316	53747	53897	54479	54486	54739	55047	55064	55167	55246	55261	55506	55626	56128	56376	56440	56929	56997	57259	57368	57973	58056	58231	58261	58525	58789	58878	59042	59281	59565	59616	59881	59940	60696
113	23725
117	34851	39857	58214	59670	60408	60641
