2567
0	2295
4	1133	1920
6	1465	2511
9	425
10	2154
13	1176
15	1765
16	191	490	1084	1789
17	2373
18	367
19	387	926
28	543
30	538	724
31	1214	1684	1737
32	103	115	304	453	726	875	1034	1144	1161	1516	1665	1708	1875	2068	2171	2300	2353	2401	2461
33	354	410	525	780	828	898	939	974	1014	1130	1313	1323	1328	1389	1439	1563	1640	2186	2410
34	547	1037	1281	1352	1484	1721	1751	2393	2439
35	291	368	765	1097	1184	1388	1428	1504	1584	1688
36	72	1760
37	1928
39	411
44	2374
47	233
49	1041
51	1170	1209	2513
52	407
53	2136
54	1113	2451	2551
56	446	1087	1779	2440	2460	2516	2543
57	1413	2237
58	259
59	1275	2364
60	2469
64	2357
