33082
70	17340
90	439
110	2848
112	1773
113	4606
114	12808
115	5260	8320
126	5148
129	9974
130	15812	28970
131	5324
133	11214
134	8136	14368	18644
135	16939
139	6206	9331	15537
141	4504
142	10495
144	22959
145	9836	24198	24294
147	14467
148	24644
149	31804
151	5015	8524
153	27058
154	3851	8220	21374
155	13895
156	3805	15181	19373	26035
159	6709
160	25597
162	17330	22646	25595
163	13179
164	707	15010
167	13006
170	6451
173	7533	11289	27652
176	8021
177	639	1957	13101	16685
178	15949
179	13666
180	32379
181	29294
182	5844
183	23824
184	15043
185	6689
187	32245
190	21484
191	18200
195	826	5773	8531	10169	25608
