24449
0	2227
2	4061	14684
3	2676	4825
7	12858	16062
8	7171	13165
10	6449
12	5479
14	9667
15	2341	9956
16	11850
19	18459
20	15497
21	2370	17602	20680
23	2536	9816	18905
24	2325	24249
25	2441	9218	18470
28	1187	21505	23848
29	12880
31	5061
33	20875
34	1482
36	14222
38	14541
40	24386
42	2915	5962	9833
43	2513	3404	6659
44	4904	5851	20984
45	13867	23689
46	12166	12215
47	11338
48	1123
49	19332
50	21549
51	6655	11645
52	2066	11570	13984
53	10001
54	3398
55	1087
56	5544	7049
61	3116	3271	9847
62	3395	21376
63	5646
65	2416	16404	22557
