99451
0	99415
18	65637
27	78130
35	99155
52	41499
54	75433
57	18095
59	65776
69	17767
88	99427
95	85486
97	67318
110	99442
124	95048	99231
133	91540
134	21751	99255
135	99283
136	99354
143	90714
144	66856
145	24012	77856	99435
149	45523	99139
155	49914
157	99086
161	22248
164	21062
167	42838
168	99119
174	49062	67905	67906
175	2626
177	99105
178	99411
179	65326
180	70636
184	27052
189	99257
191	99423
195	99270
200	14996
205	99274
213	99402
214	17458
220	22869	58222
221	99194	99333
239	77327
241	30097
242	18514	77447	80820	99253
247	15338
248	58904
