0
0
0
0
0
0
0
0
0
0
0
0
0
0
0
0
0
0
0
0
0
0
0
0
0
0
0
0
0
0
0
0
0
0
0
0
0
0
0
0
0
0
280
292
195
212
50
50
322
309
322
292
345
258
300
326
191
187
283
327
189
194
326
300
196
200
223
215
326
294
280
327
196
194
306
326
345
299
345
258
196
204
330
345
223
195
326
294
298
316
181
223
184
195
184
190
322
302
200
193
345
345
194
197
345
330
345
299
189
187
327
327
204
204
204
204
212
212
213
213
187
191
292
300
190
187
258
258
309
294
294
322
222
168
187
174
300
294
223
181
299
273
191
190
50
51
299
298
294
312
292
275
326
300
195
191
58
58
57
47
200
209
345
299
60
59
187
165
273
298
194
194
59
59
345
299
280
309
302
312
51
55
258
345
345
330
50
60
299
293
309
330
194
187
196
204
191
191
204
204
291
327
186
191
44
47
327
300
294
292
203
213
300
300
282
326
299
330
213
212
213
200
299
276
204
194
223
195
299
345
204
191
188
219
292
322
334
345
203
200
200
213
292
312
213
200
200
200
195
187
200
200
191
189
60
51
200
200
345
338
322
273
200
196
191
194
326
327
194
181
327
326
293
302
193
196
204
204
213
212
196
204
293
345
212
213
299
345
322
292
300
283
191
194
189
171
187
189
285
300
300
280
327
327
212
213
281
322
292
300
294
314
309
289
196
200
204
200
326
307
204
187
306
292
196
204
326
300
292
314
322
291
299
302
187
184
194
204
223
223
299
318
195
199
212
213
293
293
285
295
48
60
284
322
300
327
200
203
200
213
168
184
326
304
322
322
299
326
326
300
345
258
285
298
187
204
291
326
48
51
276
334
200
212
200
200
209
203
195
164
285
303
300
326
299
314
191
191
194
196
293
322
203
200
200
213
306
312
212
213
326
280
332
258
258
345
191
191
194
204
60
60
299
345
294
326
184
184
327
300
187
186
160
187
293
345
213
200
333
345
300
327
213
213
294
326
223
223
322
292
193
200
312
300
273
322
209
209
204
193
187
187
299
345
285
294
186
194
200
204
213
209
345
258
345
345
298
286
300
306
306
322
200
200
51
49
53
58
209
213
345
322
191
194
204
196
200
200
327
327
326
315
298
322
327
300
326
301
58
43
212
212
188
194
187
184
302
322
200
196
194
186
207
212
223
223
294
299
326
300
345
345
203
200
334
345
285
285
196
200
204
200
56
52
42
47
187
191
200
200
187
191
314
322
181
220
345
345
294
299
204
194
200
200
292
278
258
338
345
334
184
187
345
258
299
345
191
191
181
191
345
299
195
187
303
322
201
221
196
191
204
200
60
59
196
203
50
51
273
294
189
194
300
315
207
213
51
59
200
200
223
195
300
300
300
291
213
200
194
191
200
203
273
293
196
194
184
190
50
50
204
197
181
223
299
258
285
292
327
326
212
213
209
212
223
185
190
163
300
274
300
327
322
285
312
322
323
294
300
294
219
223
48
48
48
59
187
187
297
294
294
294
285
289
204
196
204
200
327
327
326
316
200
203
315
327
204
204
345
287
294
292
193
204
285
298
285
292
300
326
345
345
327
285
200
200
191
187
191
187
200
204
168
187
345
258
320
312
299
345
207
212
209
209
50
51
200
213
278
300
209
203
322
299
298
299
44
48
345
329
187
191
209
213
299
345
196
213
312
302
186
181
322
312
223
223
200
200
326
0
294
285
299
311
285
300
204
200
299
333
306
299
294
293
191
191
294
274
187
187
322
285
190
221
298
285
285
298
292
322
326
300
272
302
181
209
212
212
300
278
59
59
327
285
278
298
194
187
51
50
223
190
292
322
200
213
184
187
213
212
195
187
213
202
196
204
294
322
207
207
322
303
285
292
322
292
276
293
293
273
204
213
222
195
182
194
291
285
45
59
322
322
60
49
300
326
258
345
195
187
322
326
194
191
195
189
58
42
191
194
187
195
200
209
345
338
303
299
51
60
300
297
223
195
285
300
345
345
51
50
213
213
51
50
204
204
300
285
189
191
212
200
200
213
258
330
209
212
48
59
345
297
194
204
292
300
181
187
44
58
280
300
187
187
187
195
294
300
276
345
213
212
345
258
58
58
0
51
191
186
223
215
196
194
204
200
186
194
322
327
200
196
258
345
45
42
45
58
191
182
194
191
60
59
327
327
285
322
345
258
322
292
204
191
223
223
175
175
302
322
327
327
258
334
299
258
213
213
223
181
58
58
194
194
327
326
191
191
223
223
200
200
322
293
327
284
168
195
322
299
338
258
326
294
312
273
299
322
200
213
299
345
302
312
330
345
191
194
273
327
189
190
195
195
193
200
182
184
223
212
287
302
322
312
303
322
322
322
0
0
307
345
299
295
302
294
213
200
213
209
299
293
223
195
194
204
300
294
322
294
345
314
294
312
51
50
312
285
213
212
188
194
322
322
327
300
299
345
345
299
258
299
60
48
299
345
299
302
213
212
187
194
314
293
193
204
184
162
334
345
278
300
345
299
285
292
200
213
204
200
299
291
292
265
175
184
298
285
53
53
223
160
327
326
322
285
292
322
312
322
213
203
294
326
326
300
212
209
294
285
326
280
280
292
195
223
303
302
204
194
200
204
205
212
200
209
294
303
300
326
44
48
278
316
258
345
200
200
322
345
200
200
193
223
200
213
203
200
322
285
326
300
294
300
209
212
48
51
289
299
212
207
209
212
293
318
58
53
188
194
212
209
181
213
200
203
194
198
186
187
299
322
212
209
327
327
345
258
327
300
184
187
326
300
181
223
292
285
221
195
258
345
48
53
300
300
200
213
312
322
190
195
200
200
187
187
194
204
191
194
213
223
200
204
168
190
316
299
187
187
209
213
58
53
299
309
200
213
276
294
204
194
213
200
295
299
181
223
330
330
300
345
300
301
322
293
205
209
299
299
195
190
186
187
58
53
327
327
345
345
213
200
190
194
292
289
292
294
322
285
285
300
212
213
195
223
302
322
196
186
196
186
194
204
300
327
273
299
190
223
285
312
258
258
185
195
294
292
223
223
58
53
204
204
200
204
48
60
223
181
184
187
223
223
204
191
327
312
187
194
184
195
223
223
187
186
191
189
168
187
323
299
341
258
213
200
204
196
322
280
326
327
195
161
194
204
207
212
223
214
267
322
312
287
299
294
322
327
42
45
204
204
334
273
186
187
200
204
223
190
292
298
204
204
212
213
299
293
223
181
197
219
322
292
345
258
194
194
160
195
298
322
212
212
191
191
322
334
191
191
204
204
309
334
195
195
184
195
299
345
51
42
319
258
200
196
338
299
298
285
299
345
59
59
58
42
200
200
213
209
327
300
58
45
300
301
289
300
191
194
193
213
345
299
312
292
191
194
194
204
200
200
289
300
294
292
294
285
299
298
184
187
187
191
195
215
300
300
322
274
322
322
213
212
189
187
189
194
223
199
204
204
44
47
0
50
280
294
209
212
302
309
312
312
345
299
223
199
298
299
191
187
189
187
345
258
59
60
322
293
326
294
298
293
299
283
189
191
299
345
322
320
327
307
200
209
322
298
203
200
209
209
184
187
326
326
213
203
299
283
319
294
300
326
330
299
327
326
197
215
213
212
322
294
327
300
204
194
299
345
278
276
273
322
184
173
312
293
209
212
223
195
213
200
297
293
213
200
176
184
322
298
314
285
207
203
292
312
187
186
190
222
196
204
185
191
299
299
327
280
191
189
300
300
200
203
311
298
330
345
299
299
299
345
200
213
194
194
212
207
331
258
207
212
287
322
322
316
213
200
294
292
212
219
300
264
213
223
50
33
51
51
299
322
301
327
327
300
50
60
184
190
258
345
190
223
57
60
203
213
297
322
326
327
184
191
294
285
294
298
294
322
195
189
285
292
299
287
48
44
345
330
200
213
184
184
187
184
300
326
212
213
300
326
315
327
322
293
209
200
212
213
299
299
223
223
212
221
190
212
213
200
213
200
200
200
294
312
312
273
294
322
302
322
327
327
213
213
203
200
294
314
312
322
204
194
223
222
327
327
200
195
204
194
204
202
292
322
312
322
294
294
327
327
320
292
322
294
345
258
300
278
51
50
45
48
191
194
204
204
204
200
204
196
293
345
273
298
189
191
312
322
345
258
44
58
326
327
194
191
294
274
345
345
345
299
186
184
306
285
334
345
345
299
176
186
184
184
204
200
345
299
327
326
195
223
191
191
327
327
294
292
204
200
319
345
204
194
292
294
204
200
203
200
326
300
190
176
294
300
187
191
184
187
191
189
280
294
300
301
345
258
330
258
195
223
204
186
194
186
294
314
300
299
213
194
303
273
186
186
322
298
223
223
316
312
299
302
204
204
184
190
48
51
204
194
223
168
345
258
44
48
50
51
345
273
312
289
204
191
213
212
58
53
334
299
45
60
322
322
326
326
338
258
209
200
322
322
345
330
292
300
196
204
302
345
193
223
223
195
320
327
184
184
203
200
345
345
182
187
223
199
258
258
204
200
326
322
318
302
322
298
312
294
200
202
345
322
213
211
312
292
299
325
200
213
212
200
345
345
187
190
213
200
273
285
202
184
320
326
212
213
284
300
209
213
209
203
322
303
204
213
213
209
287
322
209
200
51
48
333
334
330
309
204
196
194
204
204
196
307
276
184
184
309
293
181
194
292
312
300
327
345
345
209
213
326
327
327
294
204
200
275
309
258
258
327
294
191
191
300
327
185
212
326
298
59
48
338
198
191
187
212
212
312
322
258
345
322
298
285
322
194
194
322
273
200
204
322
312
345
345
196
194
302
299
299
334
204
194
312
292
184
186
345
258
330
345
191
191
317
327
312
292
223
195
285
322
47
51
200
209
191
191
202
184
294
294
327
300
60
48
204
200
184
195
327
322
292
320
195
223
204
196
292
294
278
294
292
322
299
299
322
322
314
309
299
299
184
160
327
326
327
326
195
202
301
292
204
200
299
345
294
299
204
200
322
300
200
196
212
219
194
194
223
195
300
327
312
345
345
258
302
318
51
60
293
322
181
191
293
273
285
273
194
191
312
322
287
299
191
204
212
223
293
284
345
258
277
299
48
53
200
209
300
300
327
300
292
294
191
191
345
309
204
204
223
195
322
322
292
292
213
213
50
60
258
345
55
59
44
57
345
302
194
194
187
184
200
200
187
191
300
327
312
292
54
59
200
204
200
200
168
195
196
200
300
0
299
283
273
258
326
327
194
204
204
204
212
212
327
326
187
184
48
59
191
189
50
51
207
212
200
200
299
332
309
299
195
221
223
190
299
299
299
293
188
191
322
298
200
213
191
187
53
58
345
330
181
181
345
299
212
200
184
195
160
163
186
181
194
204
294
293
299
258
299
345
213
209
43
53
331
345
204
204
285
300
47
48
48
44
213
200
327
306
300
319
184
187
48
44
300
267
49
48
314
316
284
327
282
322
326
300
300
326
285
327
187
178
299
277
293
345
299
258
47
59
322
306
341
293
285
297
195
195
292
300
345
258
195
222
212
212
223
190
187
187
191
194
200
200
299
345
191
181
285
300
212
203
292
278
182
223
326
327
330
345
189
191
213
207
204
194
200
195
299
345
191
197
190
212
187
168
58
53
213
212
269
326
258
314
204
199
300
327
203
213
193
199
196
204
200
204
299
299
195
219
168
184
194
204
223
190
191
194
204
196
53
53
187
181
315
327
327
300
51
50
312
292
312
322
258
345
302
287
191
194
327
327
322
276
223
202
300
292
184
184
160
160
258
258
43
58
312
294
204
204
300
327
300
294
187
191
345
299
204
189
187
204
322
322
327
327
345
307
322
265
195
219
291
285
194
191
292
272
299
314
204
204
200
193
345
325
51
51
60
51
223
184
311
276
223
223
345
345
204
204
200
204
204
194
338
258
200
205
345
338
327
300
345
330
345
258
300
289
345
299
299
338
330
319
345
299
294
299
312
312
200
200
322
265
322
292
187
191
51
60
191
191
327
291
51
51
327
300
345
299
0
51
322
294
197
221
57
58
287
345
285
303
195
160
326
326
299
299
294
326
58
45
294
299
345
258
195
223
200
213
258
345
300
280
194
194
223
195
322
285
299
345
298
294
326
300
189
186
345
276
204
196
203
200
299
273
42
58
212
213
223
223
186
189
59
50
204
194
290
292
272
322
191
189
200
203
45
59
294
327
299
345
298
322
317
299
200
200
292
294
302
312
322
299
293
293
322
299
60
58
300
300
294
278
213
200
285
292
191
186
299
293
177
190
326
327
191
190
299
345
345
345
58
43
345
299
316
299
213
213
337
345
322
285
322
298
327
300
322
293
322
345
322
299
212
209
322
322
322
316
200
200
184
184
299
329
177
195
181
223
345
330
175
195
200
200
44
42
212
203
187
186
195
184
333
258
274
292
59
59
285
294
299
334
49
50
223
181
59
48
223
195
200
200
195
190
326
327
285
294
292
300
293
303
258
345
189
194
187
191
299
299
338
258
294
322
209
213
338
345
292
291
194
194
338
258
294
314
280
307
294
294
200
200
223
181
300
280
60
50
291
300
52
50
203
196
168
195
213
200
215
212
300
300
293
322
299
294
314
290
44
51
345
345
195
223
322
298
223
195
300
327
203
207
322
299
50
48
312
303
196
213
194
191
204
204
187
187
223
223
303
280
48
47
322
292
302
287
181
191
322
322
188
194
204
196
302
316
345
258
326
300
181
201
204
195
209
212
309
345
160
195
322
322
345
345
59
51
187
191
187
194
293
322
58
52
184
187
299
294
191
194
285
312
204
200
298
303
322
322
194
189
187
187
196
204
322
298
302
293
294
299
326
327
46
48
203
213
322
293
322
299
252
330
49
50
212
213
48
53
303
322
219
181
204
196
326
300
212
165
285
292
44
45
326
300
195
212
332
299
300
327
299
345
307
327
300
294
299
345
304
345
45
48
204
187
204
204
312
303
294
287
333
299
182
187
299
345
326
327
194
181
184
190
196
200
215
191
312
322
300
285
194
194
258
258
184
187
195
162
345
299
345
345
204
200
223
185
204
196
59
59
200
212
327
327
50
51
285
314
59
53
258
345
298
322
191
194
264
301
191
191
315
327
299
345
44
48
285
294
345
299
200
200
298
293
213
200
326
300
182
194
203
200
200
200
285
294
286
302
198
200
299
338
322
312
184
187
197
194
194
191
200
212
299
299
322
322
300
312
223
212
294
322
292
322
196
204
300
311
258
333
195
223
59
51
58
53
60
50
194
194
198
196
187
187
164
187
196
204
191
191
194
204
298
312
200
213
345
345
345
318
168
168
204
195
294
312
300
300
194
194
303
306
312
322
204
200
195
207
184
187
200
196
345
299
215
195
306
322
299
331
322
285
327
326
200
204
223
212
326
326
204
204
323
299
345
286
168
191
327
300
327
312
204
194
213
213
285
322
189
195
204
200
189
191
204
200
53
48
322
294
187
182
48
54
191
194
303
278
223
200
327
327
298
293
209
213
320
292
322
312
345
293
292
285
322
278
187
184
327
301
204
194
294
294
184
174
223
215
327
300
223
181
299
299
280
283
294
300
327
327
204
204
60
60
188
191
326
326
168
195
284
327
181
223
285
294
330
345
186
187
207
195
212
213
200
203
293
322
298
312
324
326
327
284
322
303
293
345
285
312
191
182
327
325
194
204
300
278
269
292
212
212
196
200
302
285
301
278
184
191
294
322
303
322
294
300
287
334
191
191
203
200
191
187
191
204
314
299
299
345
223
195
215
213
300
300
223
194
190
195
322
312
203
209
204
204
300
326
299
345
223
215
168
202
60
60
327
327
293
337
294
294
290
322
204
200
212
195
213
212
327
327
184
187
182
184
322
293
327
284
322
302
280
303
258
345
191
191
58
57
345
334
173
195
326
300
345
299
322
293
300
275
200
204
327
327
322
312
258
345
211
209
285
300
204
194
195
195
345
330
292
294
200
200
285
294
268
322
179
187
195
176
322
322
293
298
322
299
194
204
299
322
299
299
285
272
186
189
209
213
213
200
258
345
324
327
204
204
223
217
58
57
176
160
223
187
191
191
160
184
322
278
187
175
42
44
196
200
212
212
181
191
345
299
60
51
294
300
326
298
53
58
59
60
285
292
50
50
200
209
292
292
204
194
204
194
306
294
314
258
312
294
345
293
59
59
302
312
200
213
331
258
184
223
204
204
292
300
204
204
312
294
184
187
322
299
300
300
191
194
184
223
330
345
200
209
187
191
322
312
194
181
322
292
191
191
204
204
323
327
44
42
189
191
223
190
213
213
285
322
299
258
292
285
299
299
190
223
212
207
289
294
194
194
292
309
194
194
181
186
300
326
322
292
294
322
212
213
186
187
191
186
44
47
204
200
322
294
307
292
204
204
282
300
306
322
273
298
294
327
60
55
191
187
300
327
312
322
300
292
298
303
204
196
212
190
322
312
212
213
189
191
200
213
293
322
53
45
173
190
168
187
322
322
200
213
300
312
345
334
212
212
204
194
322
292
207
193
184
187
322
322
299
330
294
300
212
212
184
187
322
316
326
280
299
309
195
196
300
319
294
292
212
212
209
213
300
294
191
194
294
291
181
223
302
285
345
330
48
47
221
181
322
322
327
327
258
321
195
190
294
292
330
345
42
47
345
322
200
204
291
327
195
212
345
318
292
280
204
204
300
326
194
189
213
213
196
204
212
213
175
195
223
195
300
292
213
213
209
213
326
327
195
187
297
294
44
54
285
292
322
322
223
195
299
345
47
44
172
187
287
322
190
223
322
292
345
258
204
200
292
285
298
334
191
223
294
322
300
327
330
258
60
60
191
187
194
196
212
209
294
300
219
223
298
299
345
345
327
300
285
309
299
345
212
213
345
299
326
327
196
200
322
293
196
194
184
223
284
322
300
292
326
327
187
190
186
191
298
322
258
258
187
184
195
195
303
314
213
212
200
213
280
327
285
322
327
327
46
58
213
209
58
58
322
312
48
47
200
204
187
187
323
299
258
333
212
195
302
345
213
200
204
200
48
44
297
318
195
199
293
299
322
312
293
302
299
298
52
59
314
322
51
50
223
223
345
345
184
184
258
258
326
300
278
322
213
200
203
213
299
299
299
299
345
299
322
292
195
215
49
51
189
194
294
326
204
194
292
294
327
319
345
345
191
194
181
223
43
58
200
193
191
187
327
300
300
294
191
196
326
294
292
292
299
297
345
345
345
345
200
204
290
292
190
187
309
285
200
203
222
212
160
181
322
322
184
177
293
286
299
272
189
194
42
58
203
200
204
200
289
326
312
330
322
303
200
203
273
285
45
48
187
187
294
326
345
294
285
326
285
294
280
300
327
274
200
204
187
168
285
300
299
273
316
322
55
47
48
48
50
51
322
292
189
188
194
186
298
327
326
300
312
312
204
204
44
44
300
273
309
272
45
42
300
327
204
196
200
189
300
285
299
309
345
345
327
326
187
186
59
48
191
187
345
299
272
300
204
200
288
312
204
194
220
223
299
299
299
285
206
212
278
272
326
300
294
326
327
326
345
299
212
209
204
194
204
204
293
314
299
299
345
299
200
200
287
299
326
282
284
300
299
314
299
293
345
258
326
316
51
48
322
292
293
299
316
294
48
50
333
258
300
327
258
333
184
187
276
280
322
326
189
194
302
299
223
190
299
258
51
60
165
184
47
59
213
213
327
300
212
195
195
187
298
322
273
312
204
200
50
50
203
211
258
258
191
194
213
203
292
298
322
322
212
191
345
258
345
258
194
197
326
300
200
204
47
51
312
294
184
190
194
191
204
200
326
0
293
334
258
345
322
330
200
200
258
316
190
196
300
298
195
221
316
287
187
182
50
51
296
294
60
50
191
182
299
320
200
204
327
326
282
303
345
331
203
209
299
330
326
300
200
200
291
345
280
298
200
213
200
203
303
322
327
294
187
187
187
187
195
168
195
189
209
213
326
300
327
326
187
186
191
181
291
326
292
312
189
191
168
191
200
193
294
326
258
335
322
322
175
166
58
53
300
300
312
314
291
327
299
299
195
184
292
322
293
303
309
333
181
190
204
200
294
320
293
322
212
212
300
306
195
223
199
194
213
209
302
293
189
181
300
300
196
204
47
52
299
322
196
194
60
60
274
299
297
302
303
294
207
212
187
187
312
285
345
333
327
327
327
300
203
200
294
322
194
194
191
194
292
280
187
189
194
204
51
50
223
223
345
345
299
302
187
168
194
196
335
258
322
298
303
312
53
53
189
191
294
300
326
327
300
327
58
44
293
322
191
194
47
44
200
196
302
293
294
326
200
200
293
299
200
213
213
213
300
306
44
44
203
200
322
314
299
299
163
195
327
326
205
212
213
200
200
204
299
330
200
200
195
195
294
283
187
187
172
168
299
345
200
204
51
60
322
285
186
184
296
299
299
322
205
212
282
326
345
330
200
200
213
213
191
196
312
292
299
299
277
299
258
345
300
327
286
294
160
190
322
293
345
299
345
258
300
326
59
0
189
191
51
51
299
341
194
196
181
223
326
300
204
189
52
53
204
194
223
223
200
209
49
59
294
306
312
303
322
292
190
191
200
200
187
191
322
285
213
200
294
326
298
300
212
213
186
194
327
327
194
196
327
326
209
223
53
48
345
309
200
204
299
345
294
312
299
258
181
187
322
316
195
200
196
204
326
327
294
322
303
312
53
42
319
299
327
326
309
330
299
322
285
327
330
258
200
213
322
292
191
187
187
160
184
190
322
287
48
48
209
213
334
345
302
299
319
345
258
345
300
284
258
345
204
204
200
196
200
213
292
292
189
204
326
300
204
204
195
223
294
326
223
223
191
181
322
283
222
223
223
181
60
59
212
213
212
213
300
311
59
59
345
269
44
44
303
300
219
223
332
345
290
294
299
293
223
181
204
204
212
213
59
45
280
294
345
258
45
58
322
318
181
223
164
187
204
204
327
326
181
223
195
181
195
195
291
306
258
258
300
285
209
213
191
186
303
292
258
345
187
184
209
212
316
322
196
196
294
326
327
327
200
200
322
306
300
327
327
326
194
194
194
204
297
299
322
292
300
292
258
345
270
292
312
322
215
221
280
292
258
345
345
345
181
191
184
221
309
302
187
181
191
181
223
195
59
48
203
213
213
223
204
204
184
184
287
341
293
322
207
190
213
164
285
312
212
205
191
194
186
184
299
294
203
213
200
204
294
273
285
327
200
200
299
299
203
200
212
209
55
45
294
291
292
322
213
200
168
184
293
312
294
292
213
213
160
212
207
213
194
204
300
285
48
50
50
49
285
294
187
186
322
298
50
49
200
213
200
200
194
186
284
327
283
327
52
48
299
302
300
294
322
294
187
187
204
199
194
191
322
294
306
326
292
285
300
300
189
187
345
258
194
204
173
213
333
285
345
299
213
200
327
294
187
187
223
202
299
273
325
345
299
299
292
312
200
200
42
48
316
301
191
187
322
293
223
223
322
285
299
345
45
299
326
164
190
194
322
204
212
290
312
187
299
168
182
184
282
160
258
327
194
213
300
300
47
345
300
298
187
191
258
345
59
292
345
221
196
258
327
187
297
204
212
322
223
200
181
300
258
291
184
345
194
317
222
195
322
200
317
345
312
59
345
324
299
292
213
191
292
0
331
285
181
48
284
181
300
58
187
322
60
194
282
199
300
203
292
213
44
298
191
299
292
212
204
200
327
278
195
200
191
258
345
345
187
287
213
345
213
292
322
326
209
322
299
222
322
190
191
204
327
320
196
204
200
212
345
223
200
200
204
292
194
327
50
285
258
327
51
300
312
314
294
322
326
50
303
212
322
300
334
212
195
316
258
294
212
212
345
191
292
300
258
223
60
300
293
345
316
294
187
60
190
212
191
0
204
213
299
60
326
326
327
187
300
184
54
285
181
187
196
195
187
330
212
322
345
327
204
300
200
334
160
187
294
258
285
294
316
337
326
327
292
324
200
213
327
181
345
204
195
299
60
181
181
184
204
345
204
293
204
213
285
213
58
285
204
220
326
292
207
194
326
300
187
281
184
345
200
276
329
185
187
292
302
223
223
273
223
50
221
213
299
200
314
258
51
345
223
273
163
285
190
44
50
322
213
300
190
326
212
50
48
194
326
190
272
204
187
223
209
300
191
312
300
212
194
187
293
320
191
280
292
345
291
44
58
312
326
53
285
60
187
223
213
285
294
53
212
187
191
191
195
57
204
43
299
181
294
195
345
181
181
286
200
178
50
314
273
327
284
299
204
321
258
334
195
258
193
300
327
212
213
327
203
300
258
212
200
345
324
58
223
292
258
309
194
258
299
299
212
44
223
258
345
327
330
258
274
212
213
326
335
207
0
53
181
207
258
301
322
345
258
209
345
181
212
330
322
322
223
181
312
309
212
327
223
0
58
212
0
0
0
258
58
258
60
294
0
327
193
327
212
345
327
298
258
220
292
280
213
204
212
175
300
203
188
212
219
175
191
187
196
207
284
300
223
207
0
325
212
345
191
345
283
222
190
290
204
258
284
292
203
200
200
212
189
202
181
299
326
59
345
327
294
44
341
292
294
322
194
312
316
58
44
223
345
209
212
258
181
289
291
60
212
300
204
300
207
258
196
285
299
51
53
200
204
292
280
184
312
212
59
191
212
213
297
190
213
195
223
322
60
280
200
258
345
223
212
327
212
285
327
330
223
204
48
203
327
327
303
345
322
285
212
223
212
58
326
258
345
204
212
258
319
181
322
194
284
212
258
300
184
319
291
326
184
49
334
195
181
181
330
258
345
292
327
326
327
53
213
322
318
212
194
327
204
294
297
302
194
203
322
184
212
300
285
294
278
284
327
327
194
187
42
196
293
322
326
330
200
164
258
292
282
337
258
195
292
50
207
316
187
215
223
327
303
333
200
195
299
302
326
345
292
189
181
212
194
204
213
212
296
334
345
292
212
258
223
209
330
181
187
300
207
207
258
326
303
307
293
194
258
223
345
327
258
201
312
196
1
196
258
307
191
205
345
209
293
181
309
223
51
258
258
327
331
291
302
284
204
327
299
200
213
200
298
294
223
294
204
299
272
322
193
200
184
322
212
44
213
205
212
333
300
201
204
258
300
286
212
207
194
49
316
184
204
160
300
181
258
327
181
175
194
294
285
213
317
213
294
212
200
50
258
326
191
0
200
322
327
293
200
299
327
312
345
188
258
300
258
294
285
280
258
187
327
184
299
283
38
345
316
212
284
223
51
258
209
223
49
0
327
300
300
327
213
223
258
299
47
258
327
190
200
258
327
60
0
223
204
312
258
327
327
181
345
212
223
181
49
284
327
317
300
48
338
315
326
181
293
204
284
51
47
285
213
322
273
327
53
327
213
50
160
345
213
184
314
223
204
212
44
300
204
195
44
327
204
298
264
55
204
294
213
322
195
258
187
57
293
223
194
300
207
60
45
51
322
200
203
194
327
326
194
258
44
60
294
194
203
258
215
212
294
213
204
181
300
284
312
213
285
200
187
204
345
207
51
58
300
327
299
274
223
204
51
285
190
57
258
314
285
345
299
292
223
292
322
212
212
204
204
194
213
191
199
190
294
258
196
322
294
258
322
334
219
345
213
327
294
191
200
190
171
193
300
53
322
345
223
212
195
327
345
186
189
327
258
194
327
345
213
187
213
191
218
345
221
58
181
213
299
300
50
337
293
300
326
315
298
294
294
258
223
327
52
322
44
294
181
195
51
291
223
194
195
292
55
292
299
298
322
168
299
212
299
294
300
213
191
213
53
327
191
186
200
292
294
203
324
59
292
58
194
304
187
327
322
294
204
186
299
258
327
194
200
213
330
53
200
285
187
181
258
45
345
181
258
321
345
184
285
293
204
45
258
258
322
190
213
195
194
223
302
285
345
204
326
327
327
326
195
200
327
284
258
53
223
307
300
334
209
212
327
327
300
327
326
324
43
327
327
258
212
212
201
258
223
258
207
191
223
200
181
306
300
331
186
294
212
330
193
186
327
223
258
191
41
327
189
258
326
300
212
284
50
258
203
327
258
284
285
322
212
321
181
207
345
327
345
258
258
49
294
327
223
181
294
345
327
184
220
327
0
53
212
222
327
181
327
49
284
327
181
212
50
327
258
293
41
168
213
212
320
327
207
303
336
47
0
287
327
223
318
207
313
334
212
181
273
345
200
223
258
292
200
258
300
181
258
207
326
182
306
207
267
53
302
184
327
194
322
223
327
258
223
212
327
320
345
185
299
212
294
327
209
299
300
291
258
258
345
44
58
193
212
327
299
258
327
284
284
294
223
284
223
258
327
212
327
306
203
191
212
293
293
258
322
212
207
324
330
345
331
212
187
0
345
84
327
212
345
320
327
57
181
326
207
327
298
300
299
327
209
327
258
212
0
327
50
200
273
209
258
322
212
327
213
281
316
212
184
327
258
168
322
299
212
209
223
327
258
181
302
324
345
345
212
285
212
334
327
213
207
194
324
209
200
327
206
326
213
58
181
184
258
345
300
45
38
300
322
212
258
258
223
207
258
291
258
196
299
301
205
181
292
258
322
327
327
212
327
204
284
258
223
181
209
324
191
327
286
212
258
327
258
326
194
258
200
212
50
258
184
223
223
322
304
181
223
297
212
187
330
212
327
330
291
50
326
299
258
204
190
326
284
291
193
298
324
320
258
283
298
258
222
58
223
258
326
258
327
212
327
223
258
258
207
327
213
258
41
327
345
196
207
322
207
204
294
258
327
213
191
201
327
205
209
327
300
212
258
60
258
181
182
50
326
327
299
50
50
50
299
300
300
280
327
324
212
258
181
345
181
345
223
302
191
220
181
322
300
160
212
213
213
222
258
299
212
258
314
258
58
258
209
53
258
322
299
258
326
326
291
258
327
258
212
258
223
330
287
207
330
181
327
212
293
51
212
258
327
258
327
209
345
280
48
200
327
258
345
189
300
191
196
200
312
345
267
327
327
327
187
293
300
318
196
322
293
213
322
213
194
191
258
194
258
48
212
223
204
327
193
312
181
312
189
285
204
223
223
194
200
196
200
187
299
213
322
204
209
345
200
184
293
273
299
307
258
223
281
312
209
59
322
345
312
298
300
306
194
300
189
258
223
299
191
200
284
200
322
191
189
212
204
223
191
200
213
204
330
48
258
204
213
194
51
215
327
300
284
289
209
190
300
203
327
345
203
213
187
212
212
212
184
59
345
195
299
329
200
200
285
195
326
332
51
345
314
327
59
200
204
184
334
299
200
195
195
207
213
187
187
209
212
200
300
213
196
327
195
213
51
57
45
292
191
182
258
195
299
267
199
299
291
187
299
345
51
190
189
292
293
191
190
182
302
280
200
191
292
48
212
292
286
326
322
212
189
293
322
312
190
190
298
292
212
258
322
191
327
273
322
345
184
299
345
204
58
204
194
189
327
314
212
322
182
327
51
273
285
322
196
41
258
292
184
300
345
345
48
195
204
223
300
60
327
223
203
223
322
258
258
273
285
299
293
200
300
194
312
323
318
50
195
204
300
302
48
345
284
223
199
345
191
258
200
302
297
332
206
187
345
190
326
204
209
191
187
204
204
299
283
300
326
187
204
187
258
306
327
292
345
194
258
320
291
213
285
223
223
223
59
181
326
213
204
196
258
294
209
318
223
187
322
281
212
322
204
258
316
59
42
322
294
292
314
258
223
194
345
204
258
294
212
284
322
213
213
299
212
50
204
326
327
204
44
200
345
292
187
187
299
300
312
327
204
314
204
300
212
302
326
48
300
300
327
293
194
294
194
292
294
297
212
187
194
187
204
294
212
299
293
196
162
209
200
191
57
223
161
45
223
223
298
285
193
300
187
194
286
285
0
203
297
44
60
341
299
338
299
204
209
294
269
300
191
161
203
322
330
294
258
327
181
334
194
189
204
300
258
292
302
285
212
212
191
326
322
196
187
284
293
300
330
59
191
326
327
327
326
326
200
276
304
258
327
53
303
322
213
209
213
345
58
207
204
292
345
299
338
60
322
215
314
292
275
194
57
184
212
312
213
289
160
326
200
194
326
300
181
223
345
203
345
327
53
322
345
189
299
200
285
322
209
60
212
209
160
285
204
194
58
326
203
223
199
187
327
285
194
299
273
312
204
200
189
300
326
258
312
299
181
300
299
199
322
190
301
285
322
293
294
207
50
327
60
294
322
48
212
194
327
287
322
218
293
187
195
213
160
300
294
291
181
273
203
191
200
60
213
195
222
303
191
327
300
272
327
191
307
223
258
189
181
50
196
312
273
204
322
299
160
322
300
312
278
209
212
200
202
345
190
284
195
326
212
299
316
300
312
181
331
204
50
164
160
187
191
302
184
182
59
194
333
327
51
345
194
199
51
60
326
302
59
200
299
60
327
181
345
318
322
187
312
58
223
60
44
299
322
47
326
322
312
287
181
212
322
345
299
194
196
59
327
299
212
200
258
51
59
301
300
322
204
212
312
292
299
212
289
303
345
53
196
334
292
300
213
48
181
299
322
204
285
189
292
258
187
333
200
316
299
258
195
293
299
327
213
276
322
204
322
327
299
312
316
196
330
47
194
213
204
334
204
322
212
326
327
292
223
322
223
203
222
204
176
184
289
200
53
302
213
289
221
299
345
345
326
322
196
312
345
300
200
213
322
47
184
204
181
258
299
195
333
51
196
204
181
195
212
280
223
345
223
299
191
318
345
187
293
312
335
345
200
285
59
51
203
223
300
194
312
300
286
212
258
278
213
327
285
194
322
207
199
191
187
208
294
300
282
181
299
345
322
312
294
302
212
200
278
195
299
223
212
187
312
285
213
59
327
200
204
300
327
327
199
322
187
299
300
326
334
187
300
46
204
299
184
322
322
300
200
194
204
187
285
292
209
58
189
200
331
204
59
200
258
300
322
196
209
300
299
204
202
299
194
204
223
184
200
274
190
200
327
182
58
322
200
302
196
314
50
327
285
307
294
191
