147295
11	34614	72126	99862
15	68091
23	439	2565	2576	5758	6644	8221	8678	9659	12469	12739	13439	13635	14415	14666	16136	16205	16589	20749	26309	26539	27114	27527	28041	28955	31011	31603	32509	33858	35537	36059	37047	37705	38840	43654	44398	44718	45068	45968	46402	47066	47158	47506	49044	50179	50356	51033	51641	53263	54127	54290	54591	60521	64793	69024	69297	73235	73843	74597	74892	76092	78219	79910	80161	80791	82003	82888	82999	84109	84145	86264	88217	88547	88781	88885	89458	90131	90470	90603	90744	90840	92369	94016	97797	101980	107095	111786	113099	113298	113931	118051	118656	120743	125599	129914	129915	130233	130867	131220	132747	133175	135031	135736	137679	141019	142668	143048	143056	143167	143196	143241	143331	143379	143456	143461	143524	143842	143869	143910	143926	143958	143972	143978	143989	143999	144010	144169	144188	144253	144325	144437	144440	144454	144518	144540	144567	144571	144575	144587	144611	144704	144760	144790	144791	144949	144967	144978	145029	145061	145107	145134	145149	145159	145229	145282	145288	145424	145452	145571	145678	145737	145783	145825	145840	145888	145906	146010	146027	146087	146208	146210	146234	146262	146337	146463	146516	146589	146651	146668	146674	146683	146762	146779	146785	146789	146834	146944	147046	147115	147130	147167	147263	147275	147281	147282
24	253	391	786	4650	5144	5185	5393	5903	5985	6565	8457	10134	10451	10495	10676	12913	13755	14780	15519	15752	17408	17576	18308	20262	20738	20931	21436	23947	26237	26465	26652	27748	30785	32550	36599	38824	40732	42363	42687	46885	49254	50191	50357	52325	52544	53074	53266	55440	56802	57140	59205	59352	59912	59980	61318	61772	63359	66187	66529	66829	77364	79676	80668	83757	88632	90745	91925	92103	94256	98885	99147	102324	103173	107243	111473	114999	115535	117079	118442	118657	121088	123105	123355	127345	128176	128346	131159	135626	137095	137569	137806	139873	140212	140213	140979	143000	143033	143087	143089	143163	143249	143273	143295	143344	143547	143565	143602	143619	143626	143632	143652	143707	143814	143821	143983	143991	144078	144107	144162	144228	144400	144462	144606	144626	144646	144715	144763	144896	144972	144991	144992	145012	145028	145171	145194	145213	145217	145225	145228	145245	145430	145445	145653	145756	145765	145809	145819	145844	145852	145855	145973	146053	146114	146148	146199	146235	146657	146746	146925	146987	147209	147212	147214	147272
25	110187
26	9726
31	45809
58	135331
59	27886	68820
73	113218
74	9946	85270	102692	136775	142815
75	11400	11779	13661	19322	23922	40071	40852	79308	86835	94617	102442	102640	116968	119673	142454
91	83205
92	145850	147193
93	37277	69391	79274	81230	97398	102911	106188	112012	126434	134884	138866
96	82559
102	147176
103	143737	144145
107	50934
111	56395
117	145383
