45462
13	35161
15	22500	22501
16	1936	7124	7916	23374	26559	34351	37085
25	37290
29	418	3002	4167	4365	7366	9228	10608	11897	12036	12751	12932	13910	15543	15777	16290	18320	18337	18559	18828	20390	20711	21895	22393	24560	29086	30277	33984	34237	36082	38085	38566	41074	41704	41772	42642	43005	43406	43435	43936	44016	44642	45303
30	1109	2331	8113	8261	8274	9468	10579
33	359	10310	11067	19361	21485	32154	38980
35	1115	25282	26444	27566	39018
36	6040	14181	17699	18679	19798	19843	24700	30222	33459	35720	36890	40018
43	16200
60	34436
61	41032
64	43416
77	29972	43616
86	41220	42510	43494
87	3791	10110	24211	36132	38074	38551	41127	43826
97	40735	41856	42032	42045	42507	42525	43140	43590
98	6280	6281	19411	40828	40856	42164	42569	43208	43394	43488	44175	44662	45083	45400
104	3133	22646	25088	31400	31775
105	1885	4048	5305	9469	9890	11147	11629	12891	12925	13455	14972	15113	15721	16746	16747	17384	18315	18412	22477	23213	27368	27891	28311	32093	33149	35413	36324	36776	36930	36974	37681	38605	40598	40631	40707	41227	41703	41888	42781	43358	43426	44401	44570
106	723	1080	1116	1185	1248	1826	2678	2737	4053	5190	5324	6098	6539	6549	7190	8192	8853	9575	10056	11153	11685	11987	12168	12364	12523	12933	13097	14631	14872	14973	15041	15354	15633	15802	16312	16457	17060	17110	17411	17722	18644	18763	19482	20483	22145	23121	23551	24899	25631	25850	26033	26100	27385	27615	28073	30157	30359	32016	32029	32095	33646	34169	34257	34345	34716	34717	35106	35344	35454	35759	36868	38564	39531	40853	41520	42211	42790	42988	43760	43990	44732	44885	45268
107	35183
109	39307
111	252	411	811	10646	13607	15645	16805	18629	22861	24885	35223	36475	40177
112	35676	44379	44965
113	40383	40676	40677	40926	41223	41357	42154	43442	43806	45394
