124495
11	30972
53	124015
55	19356	74082
87	5308
98	2765	12398	22194	22533	28881	39536	42480	57269	59452	61266	87141	94628	106815	122311	122400	122522	122578	122659	122663	122685	122770	122917	122987	123030	123188	123420	123458	123681	123759	123887	123909	124041	124067
101	2056	9940	24776	30682	35369	38156	43001	45616	47709	49988	54697	55028	74676	83976	89138	105115	105286	113739	114959	122241	122315	122395	122405	122452	122545	122657	122785	122895	123049	123223	123353	123413	123416	123421	123597	123609	123823	123874	123942	123968	123996	124004	124128	124134	124277
109	89313
110	88005
135	19822
136	67879
137	122851
138	122305
142	113838
144	19608
154	124139
155	11884
158	4454	4649	8911	9579	10163	24467	25872	30049	32445	32655	33700	34208	37682	38391	40666	45374	47560	51697	65228	70221	70877	71465	72419	74875	79566	96114	101560	103666	112487	122041	122330	122367	122378	122511	122573	122584	122609	122630	122631	122633	122758	122840	122884	122943	123018	123037	123132	123205	123436	123437	123481	123505	123621	123630	123743	123785	123820	123825	123867	123893	124030	124076	124241	124285	124307
163	123750
168	6823	64628
175	66954
183	52232
184	52231	90068
187	6973	16579	19571	54923	61801	63832	104708	106881	106944
191	56471	71213
194	123883
219	122748
231	49644
232	835	1962	2437	3073	4453	5039	5678	7758	8313	9070	9819	11238	11900	12244	13256	13357	14358	14505	15564	15767	17261	17701	19107	20003	20286	21933	23287	23288	24036	24730	26031	26373	28101	28426	29106	31406	33500	37513	37653	37681	37954	38216	38468	39773	40953	43364	43487	44554	44966	48726	50690	52375	54213	54245	55411	57493	62759	63985	65514	65570	66420	70222	71558	78241	80200	82912	83144	86262	86454	88112	90523	90575	90576	90980	91081	92632	94716	96113	96638	97118	97559	101222	101269	101628	102838	104295	104590	110996	111705	111747	112376	112518	112643	114849	116786	117770	122229	122239	122244	122322	122459	122462	122577	122590	122618	122745	122755	122756	122788	122814	122815	122868	122894	122911	122980	122992	123225	123254	123269	123292	123294	123312	123371	123382	123388	123424	123492	123496	123542	123589	123591	123594	123613	123633	123646	123666	123700	123706	123709	123730	123815	123828	123832	123853	123900	123963	123992	123994	123999	124057	124079	124484	124491
233	1579	2811	4516	8870	10596	18620	19801	19805	21178	24102	25309	27118	28828	31157	31561	34418	36472	36785	47669	48025	48577	48578	50240	53537	63986	67145	73104	74051	74761	76246	78943	79789	81164	82550	83509	91385	96910	99173	99244	99596	101069	101317	103698	105502	115147	117407	118421	118778	120017	122283	122287	122525	122636	122640	122757	122803	122820	122900	122944	123022	123103	123193	123259	123260	123283	123574	123816	123829	123842	124064	124151	124375	124479
240	53575
243	124345
247	122228	124091
252	122962
253	86614
258	114842
272	122058
283	7549	31167	33383	55230	62339	63563	77429	94731	118727
291	15348
302	124356
308	8164
318	56451
323	119290
325	123566
329	123252
330	124071
343	74019
349	64900
350	111358
351	89866
358	390	392	2067	2544	3392	3979	4223	4788	5179	5989	10695	12058	12084	12675	15655	16256	17763	19108	19367	20004	24606	24775	26119	30189	31179	32606	33392	34109	36375	37041	37479	38158	39038	41134	43776	44965	45373	50145	51447	53795	55589	55615	55697	56798	57159	58100	58541	61052	62372	62462	63698	64184	66196	67802	67842	67938	69564	70108	73854	79474	82014	87606	95820	95998	97452	100496	101776	102008	103282	103578	110217	111385	111706	112395	114816	122233	122272	122291	122429	122510	122517	122576	122588	122717	122731	122736	122828	122978	123004	123008	123084	123099	123116	123144	123239	123272	123284	123349	123378	123403	123425	123486	123509	123510	123586	123607	123626	123674	123683	123788	123812	123878	123957	124060	124143	124350	124354	124423	124451	124483
374	107227
