134808
0	103033	127820
3	116471	132740
4	1378	91692
5	33101	45837
6	74467	98610
7	72073	87914
8	50504	102151
9	129735	132919
10	129806
12	66331	110414	134247
13	94428	127327
14	32688
15	80966
18	116631	124778	125017
19	21629	27203	45650	56939	59593	121684	125547	134686
20	4566	11307	33992	46144	49730	56583	59237	59732	73775	75336	113795	113796	127211	128948	131280
21	103023	125157
22	129397
23	133683
24	27722	39790	70297
27	65138	125442
28	89238	130590	131932	134745
31	54338	96892	125603
32	18118
33	4207	46946	129004
35	23876	133413
36	41184	48824
37	69393
38	128645
40	20180	22276	67438	68284	77761	116705	122409
41	13216	36881	51822	79248	88225	89825	105757	116554	126975	127196	127297	128866	133637
42	90674	132238
44	70298
45	38934	83065	127096
47	128524
49	61110
50	125636
51	84696
53	45957
56	110675
57	19835	43861	45421	58371	81496	104227	117227	121064	125331	126415	129871	130075	130467	132651
59	11498	129699	131549
60	102406
61	129990	131875
62	110591
63	104401
64	72298
65	86948
67	126690	126810
68	39635	39636	87700	117628	125174	126176	132290	132446
69	26971	32866	36930	57503	61530	83905	85239	91309	134099
70	5259	5805	5806	6193	10078	10236	10320	16681	17142	17197	18695	25447	31131	33085	34169	36709	37915	38625	38838	41785	42559	43734	44063	45851	50671	53192	54052	56163	59738	60545	61603	62043	64409	64576	65067	65359	65947	67574	67807	69863	70193	70258	70301	71595	72442	76743	76902	77363	77589	80137	83617	83873	85029	85862	86461	91101	91207	93676	94437	97280	99564	102161	102203	103614	103849	104102	109861	116752	116990	124971	126140	127593	128569	130838	132253	133326	134505
71	19524	85932
72	11338	12203	18748	25553	27161	28807	30380	38693	41591	43368	43654	50471	58616	63613	64321	71815	72276	76048	78364	81278	86464	89436	96470	100265	103769	106365	108303	123404	124319	129968	130217
73	33674	36114	53404	72197	81858	92585	127951	128905
74	17771	78865	78866	132781
75	67282	108365
77	89111	112226
78	44190	131265
80	134021
81	129395
82	99950	126301
84	23482
86	127579	129515
87	31427	71762	106682	127687
88	31067	67521
89	71780
90	5784	13105	103242	126308
91	28691	111098	125776
92	131978	132918
93	7789	39496	61144
94	122548
95	265	43135
96	73110	129719
98	31823	55759	61654	93522	114265
99	8208	39976	46997	100232
100	59045
101	25733	51511	125138
102	40511
104	77116
106	17868	122082
107	20040	22643	31009	56316	60622	91606
108	17024	80239	128649
109	52088	70666	111501	131954	132423	133867
110	134004
112	27921	38410	54754	69813	130731
113	133325	134252
114	23857	27990	54102	68614	76062	126159
115	2553	15425	44474	45586	56871	71384	79980	86993	108664	110893	127883	129971	131335
116	70843	70844	126400	126992
117	126006	126371	130094
118	131485
119	70835	128373	130661
120	125700
121	130184
122	132721
123	133702
124	125686	132169
