27705
0	2954	8182	24475	27603
1	1417	17596
2	12771	13489
3	1454	11070	17474	25112
9	8230	21808
11	11347
12	9980	20917
14	14286
15	8444	9713
16	4141	8507	10879	19796	23180
21	4925
22	648	9963	12779
24	3042	5754	7500	7723	9776	11638	21674	22099	22946	24470
25	22673	24659	25145
28	6822
29	9913	12683	17277	22860	26657
30	4038	10335
31	5590	20375
32	5526	21488	21847	24680
33	14843
34	10214
35	10672
37	9223
39	8088	16230	25107
41	448	2364	7259	16514
42	1153	8311
43	313	6745	10005	22405
44	5286	9077	9383	10598	11790	12207	14469	14476	16352	16898	16989	17146	21816	23588	24034	24969	26284
45	5895	25541
46	10406	26487
47	971	1745	5584	14287
48	5226	7421	11645	21129	22298	24958
49	4570	9826
50	8462	8889	18719
51	19280
53	627	15685	15858
56	21368	24433
59	4416
61	14073
62	18938	25574
65	4040	13325	17918
