124779
5	19894	68161
53	124306
55	8272	49216
87	5330
88	43298	43338	109900
97	8995	43396	56128	92566	101634	123308	123514	123640	124350	124497	124677	124759
98	84909	99027	107333	107859	123489	123781	124571	124698
101	2062	9980	30816	35521	38308	43169	47905	54913	55248	75006	84386	89574	105631	105806	114279	115501	122831	122964	122969	123014	123094	123148	123339	123341	123349	123401	123413	123660	123874	123996	124151	124197	124242	124294	124316	124340	124347	124393	124398	124621
109	88433	89749
136	123358
138	122817
142	114378
144	19680
154	124402
155	11936
158	4466	4665	8945	9617	10209	11400	23072	24563	25974	28214	30018	30175	30955	31027	32589	32801	33844	34354	37834	38543	40824	45562	47756	50348	51915	54014	60903	65121	65496	70517	71179	71775	79940	96590	97350	100997	101547	102064	104178	113025	122611	122865	122901	122922	122949	122971	123068	123076	123108	123126	123127	123128	123134	123157	123249	123276	123279	123337	123452	123501	123517	123521	123591	123680	123692	123734	123850	123851	123902	123980	124036	124059	124077	124092	124098	124162	124194	124199	124207	124210	124286	124368	124549	124628	124654
160	2808
168	6851	43268	54008	59998	77728	88498
175	67230	78626
183	52450
184	52449	90504
187	4550	9725	62051	87958	107399	114952
191	20652	31108	56699	95823	116848
194	124250
219	123268
231	49846
232	839	1968	2447	2821	3083	4465	4528	5061	5700	7786	8343	9106	9859	11286	11952	12296	13314	13415	14420	14567	15628	15829	17325	17767	19175	20075	20358	21254	22013	23375	23376	24130	24826	26133	26477	28213	28540	29224	31546	33648	34564	37665	37805	37833	38106	38368	38620	39929	41111	43538	43663	44738	45152	48225	48780	48928	50444	50896	52593	54427	54459	55635	57727	63009	64245	64246	65782	65838	66692	67423	70518	71868	78607	80580	83312	83546	86684	86876	88540	90961	91013	91014	91420	91521	93086	95178	96589	97118	97600	98045	99661	99732	101571	101726	101773	102132	103348	104210	104809	105106	111530	112241	112281	112914	113056	113181	115389	117336	118328	122809	122828	122833	122870	122885	122896	123007	123019	123066	123141	123164	123167	123265	123273	123274	123275	123326	123327	123352	123371	123379	123403	123412	123416	123483	123494	123573	123703	123727	123740	123760	123762	123779	123798	123804	123837	123908	123941	123957	123993	123994	124039	124041	124056	124067	124068	124094	124127	124133	124136	124155	124202	124203	124213	124223	124338	124342	124349	124385	124552	124696	124703
233	1585	3084	7559	8904	10644	18690	19873	19877	24196	25407	26642	27222	28944	29496	31293	31701	36624	36937	47865	48779	49315	53755	56110	57906	61059	63634	73420	74373	75093	76590	79315	80165	80315	81552	82950	83915	89869	91831	96344	97390	100090	101821	106022	115689	117961	118979	119336	120581	120882	122839	122874	122991	123145	123183	123186	123207	123221	123316	123405	123406	123466	123590	123732	123733	123752	123838	123856	123929	124025	124190	124191	124259	124360	124526	124541	124542	124605	124691
239	124170
240	53793
243	124678
246	124474
247	122808
252	123467
253	87036
258	115382
272	122628
291	15412
302	124588
308	8194
318	56679
323	119850
324	123951
329	123777
330	124546
336	124109
349	27677
350	111894
351	90302
358	390	392	2073	2554	3989	4233	4808	5201	6013	10743	12110	12136	12727	15717	17829	19176	19439	20076	24702	24871	26221	30315	31315	32752	33540	34255	36527	37193	37631	38310	41292	43958	45151	45561	50347	51661	55813	55839	55921	57028	57391	58332	58775	61300	62620	62712	63952	64446	66468	68084	68124	68220	69858	70402	74174	79848	82406	88028	96294	96474	100998	102280	102516	103792	104090	110747	111921	112933	115356	122812	122837	122868	122996	123011	123079	123080	123098	123238	123270	123332	123353	123481	123526	123536	123546	123576	123618	123625	123702	123743	123753	123821	123842	123905	123906	123935	124014	124019	124051	124060	124072	124149	124236	124246	124399	124406	124436	124587	124645	124695	124766
