0
0
0
0
0
0
0
0
0
0
0
0
0
0
0
0
0
0
0
0
0
0
0
0
0
0
0
0
0
0
0
0
0
0
0
0
0
0
0
0
0
0
92
95
130
122
114
130
103
95
130
130
125
117
125
125
108
96
97
95
102
103
95
108
108
117
95
92
88
95
95
102
102
108
94
95
0
0
125
125
95
96
100
103
130
113
88
96
90
95
125
117
91
96
125
106
130
130
91
96
130
125
125
125
93
103
122
117
102
103
108
117
101
100
95
95
108
95
102
95
125
108
102
108
95
95
130
113
125
116
125
125
125
125
125
130
100
102
108
108
130
117
130
130
107
117
96
96
108
108
102
114
115
102
108
117
117
114
95
94
95
102
90
91
114
108
96
96
130
128
125
117
130
117
128
117
125
125
0
102
130
130
120
125
95
96
125
117
130
117
96
0
108
108
130
125
90
96
0
93
130
130
130
96
108
102
108
114
117
108
102
108
130
117
102
102
125
117
130
128
90
96
130
117
130
110
102
95
125
121
103
96
102
108
91
91
96
95
95
91
117
130
95
96
117
95
130
130
130
114
130
130
125
130
108
113
110
108
130
125
96
96
95
95
130
125
114
102
83
96
130
117
117
108
91
0
114
130
0
117
114
102
125
114
103
103
117
113
130
117
103
108
130
114
102
130
121
117
108
114
108
101
130
114
96
95
102
102
130
128
88
96
115
125
114
108
96
96
125
98
95
95
95
102
102
102
108
125
102
89
103
108
96
0
96
83
114
130
95
96
125
125
114
110
130
130
125
130
108
95
101
108
125
106
0
128
96
96
125
125
120
125
0
125
96
95
96
102
130
114
130
130
125
125
88
96
125
130
130
114
96
0
130
125
101
95
108
108
102
102
96
94
130
108
95
102
96
91
117
118
130
130
130
125
95
95
95
108
96
92
125
125
108
102
113
101
110
102
130
130
130
117
101
104
95
0
99
101
95
96
130
108
130
130
92
108
103
95
102
95
120
122
115
102
106
102
130
125
97
87
0
90
101
102
130
125
130
125
108
117
125
130
102
96
95
101
108
102
118
0
96
94
125
130
117
95
130
125
95
95
102
103
102
114
0
130
91
83
103
108
101
102
102
99
103
102
117
130
95
96
96
90
125
0
91
83
0
96
95
96
110
103
114
110
125
0
96
95
130
124
95
90
100
103
125
130
125
117
0
0
96
95
96
94
108
117
102
108
103
108
125
130
125
102
96
95
102
90
130
102
103
102
96
96
125
125
125
125
103
95
114
108
125
118
96
96
90
95
108
96
125
125
102
95
127
0
114
108
95
96
130
130
0
92
122
130
108
108
125
130
130
130
119
130
108
108
95
95
101
108
118
125
114
96
96
96
130
125
102
102
102
95
108
130
108
102
96
95
96
96
118
125
95
102
95
102
102
102
95
95
125
117
95
97
96
117
110
130
100
90
121
114
113
130
125
102
0
96
90
0
108
95
108
130
90
95
130
110
95
103
125
114
91
95
125
125
130
121
102
102
108
102
125
117
95
88
95
94
114
108
95
96
95
103
91
89
95
90
108
110
117
108
103
108
95
102
95
90
91
91
108
114
102
100
95
95
130
130
93
86
91
95
95
94
117
130
91
95
102
95
95
103
115
115
108
101
95
101
108
103
110
108
108
108
114
125
103
96
130
125
125
125
95
103
91
87
125
0
0
95
102
0
95
95
103
102
122
130
114
103
130
130
108
100
128
130
108
103
130
125
125
117
125
125
0
96
117
108
102
96
130
117
102
95
93
90
130
130
114
108
91
91
128
114
114
108
124
125
95
95
125
125
115
0
108
114
108
103
96
82
117
102
125
130
117
128
90
92
108
114
125
117
80
91
100
108
125
125
108
101
102
95
96
95
102
108
95
88
0
96
102
95
96
95
117
114
117
117
130
0
108
102
96
96
130
114
130
128
117
130
0
96
103
108
95
95
114
103
117
114
95
95
108
108
125
130
95
95
86
96
130
114
117
125
96
94
101
103
102
103
90
95
102
101
102
102
102
95
102
101
108
103
95
102
102
101
130
117
93
90
102
95
102
102
0
90
125
130
102
125
90
130
94
125
125
102
102
96
100
96
0
88
130
96
130
125
102
90
130
95
128
130
91
0
95
114
117
80
108
92
102
94
120
130
83
121
125
117
102
108
91
0
108
108
125
102
130
125
125
117
95
114
91
130
0
102
130
95
108
91
0
95
91
89
102
125
91
95
125
102
91
0
88
102
130
125
125
103
99
96
103
83
96
0
98
0
95
0
0
0
102
119
96
125
130
0
125
117
116
94
96
114
91
83
91
83
82
95
110
125
80
83
108
83
88
91
125
90
91
116
96
121
125
108
102
90
0
130
125
94
91
125
106
91
125
0
125
125
0
103
130
91
102
95
102
130
83
125
118
125
0
0
125
116
96
0
0
119
91
125
90
90
91
91
101
88
103
125
125
102
82
96
130
83
90
102
96
0
123
0
91
125
104
96
102
120
0
83
0
0
91
125
0
95
108
95
96
125
88
91
96
0
102
0
95
108
125
125
91
102
100
95
95
103
102
125
118
106
0
96
103
95
103
102
125
102
95
95
102
0
91
108
95
119
116
110
0
101
80
88
0
130
101
125
125
125
102
102
125
116
102
125
0
95
91
99
83
125
124
125
125
91
125
0
108
117
88
91
125
95
90
0
83
96
95
102
102
110
125
125
96
96
96
125
83
119
125
125
92
0
91
108
130
0
125
120
89
125
102
96
0
102
88
88
0
0
120
130
121
96
103
125
83
0
125
102
117
0
125
125
102
128
102
130
88
125
0
96
96
91
125
96
0
91
125
96
125
125
0
91
102
125
102
116
125
96
117
120
95
108
0
88
125
105
102
80
0
130
130
130
95
114
125
102
0
0
95
94
108
88
103
88
103
101
97
130
114
110
125
83
117
95
125
103
96
90
121
125
117
110
110
130
128
117
102
108
125
102
125
108
108
102
125
100
114
130
125
88
95
96
120
102
102
114
125
106
125
130
130
101
130
117
114
125
117
117
100
120
130
108
88
0
130
91
117
102
96
108
91
108
102
95
125
1
96
117
102
125
114
108
125
108
0
117
128
88
114
0
114
91
0
96
130
95
130
92
95
102
0
108
95
95
115
117
100
102
114
103
125
96
125
125
88
125
102
130
102
125
125
101
102
99
117
125
114
102
91
93
102
0
114
125
128
108
0
108
114
0
96
96
96
114
114
108
91
130
