10439
6	57	332	1523	3006	3093	3211	3258	3265	4117	4274	4499	4539	4905	5131	5759	6029	6036	6547	6591	6601	6765	7394	7993	8624	8666	9329	10104
16	2245
26	839
30	792	2962	3895	7122	7743	9987
31	8688
34	7691
35	2247	6386	7129	7534	8416	8790	10019
36	223	238	321	496	631	747	1143	1469	1906	2404	2561	3465	3632	4064	4178	4371	4597	4611	4983	5285	7188	7369	7576	7776	8152	8361	8786	8824	9015	9084	9301	9315	9403	9537	9604	9741	10036	10089	10184	10312
37	74	126	233	293	553	638	1004	1208	1437	1535	2059	2385	2550	2828	3249	3613	3770	4524	4581	5377	5434	5455	5764	6214	6699	6830	6861	6978	7170	7184	7609	7735	7826	7835	7963	8267	8391	8558	8860	8985	9131	9551	9628	10035	10420
38	4203	9129
41	1412	9670	9817
