20508
7	19953	20395
9	6566
12	5156	16665	20326
13	2224	17719	19973	20050	20356
14	7950	20218
16	19857
20	17323	17324
21	9980	14094	19711	19770	19986	20066	20220
22	20138
24	921	19689
28	5711	6606	13832
29	8733
30	20317
31	20435
36	3288
37	2428
41	8065
49	11776
52	11299
53	12251
55	1193	1194
57	19766
58	4054
59	398
60	16849
62	19850	20193
63	17953
65	7283	11928
66	5816	12269	19923
67	19804	20275
68	12094	19769
69	20145	20185
70	13928	20391
72	20265
74	9134	11296
79	13084
80	19786
81	9330	11834	18936
82	20054	20501
83	13108
85	16384
88	5622	7513
89	20267
90	19802
91	20451
93	5450	16239	16240	18140
94	19875
95	6318	19789
96	6350	19755	20127
97	8869
98	19673	19966
105	2169	2656	4745	7885	11388	11824	13604	15226	17778	18973
106	4851	20210
107	20279
109	19913
110	2344	7426
111	6783
113	20437
114	4684	19350
116	20382	20490
117	19710
120	13334
124	20170
129	20333	20414
131	20108
