41330
0	6385	7950	19057	20503	33312
3	4718	5475	22330	28680	35711	41017
5	7606
6	2384
7	16182
8	2418	8472
9	4291	23058
10	5596
12	27994
13	4865	5350	17926
14	17043
15	835	14317	14616	28484	28949	33768	40186
16	5773	24069
18	22401
19	9343	17440	40976
20	13683	38671
21	21713
23	3872
24	8794
25	14490
26	4677	9423	38171
27	6629	7277	33200
28	12231	17194
29	24884
30	15562	26468	28310	30179	31144	31661	31688
32	3154	7152
33	31159
34	7813
35	4915	5695	23280	32024
36	424	4355	9222	10584	10873	11615	22283	33351
37	425	968	1990	4565	15813	21328	27274	28491	29022	29224	33975
38	5734	5974	19510	20089	25250
39	3504	8423	17445	20347
40	13843	15067	18705	21011	23895	28078	32293	35003	37233
41	3823	7325	17265
42	15567	16175	26802	28227
43	4893	32768	33194	34689
44	3265	5535	9359	9807	29396
47	9447
48	3179	4711	25353
49	24563
51	349	14829	33245	40432
52	5217	11685	28917	29270
53	27840	29780	40498
56	3320
57	25110
58	3057	38737
59	2590
61	7416	26347
62	6531	39547
63	14418	34557
64	67	2988	26130
65	9082	10993	13478	17291	32684	34204	37135
