0
0
0
0
0
0
0
0
0
0
0
0
0
0
0
0
0
0
0
0
0
0
0
0
0
0
0
0
0
0
0
0
0
0
0
0
0
0
0
0
0
0
726
629
602
607
667
632
634
607
701
689
672
669
629
672
701
0
701
628
682
671
701
701
719
667
602
602
602
602
544
682
632
672
0
701
632
614
749
726
726
745
719
749
676
701
676
557
571
676
672
672
607
602
580
580
671
672
619
689
639
701
511
0
749
630
726
719
749
749
586
580
580
634
631
672
629
557
745
749
602
632
573
634
0
511
0
676
639
701
632
672
672
0
580
601
689
593
601
634
726
749
641
641
701
701
701
557
701
663
631
726
672
660
602
634
639
502
634
634
741
749
689
701
749
749
749
745
701
701
726
630
726
631
503
682
726
726
676
0
669
632
676
614
726
749
676
672
598
663
612
602
672
626
701
628
503
511
676
676
676
676
672
676
658
571
672
669
676
676
549
565
682
671
676
632
631
672
663
632
601
594
676
0
676
672
596
602
749
745
596
606
511
0
631
726
672
511
0
17
602
602
671
639
726
749
672
631
628
676
580
580
726
749
0
557
689
619
631
726
580
602
671
671
672
699
602
573
602
619
632
665
558
614
634
586
578
634
0
511
663
628
607
682
701
701
682
684
602
634
605
653
503
0
682
701
602
602
580
634
512
672
594
602
511
676
503
0
631
631
701
628
619
701
672
719
689
671
632
672
676
0
719
631
676
511
632
672
663
596
591
602
0
0
13
13
634
602
634
580
13
16
749
719
580
580
689
607
631
726
672
631
701
555
505
630
632
676
701
619
632
676
631
507
672
631
628
607
749
749
607
689
634
602
511
701
672
676
602
598
749
749
745
749
701
632
503
676
676
672
0
740
634
602
634
580
629
650
602
619
602
625
614
676
630
672
701
607
9
13
672
672
650
630
9
12
701
676
672
665
571
701
503
676
614
571
641
0
632
701
631
630
559
557
719
749
601
701
631
580
749
726
676
657
663
693
711
630
672
676
634
699
602
580
749
749
505
671
634
580
634
602
576
630
594
601
671
594
676
632
672
665
574
634
580
634
602
601
672
672
676
676
634
602
602
589
701
619
511
628
602
634
602
607
608
602
0
0
602
619
634
602
631
580
559
672
607
619
602
634
555
701
749
745
749
749
634
583
745
749
631
672
634
580
701
663
701
671
602
594
676
632
699
748
602
573
630
676
631
650
676
665
701
572
634
634
672
672
589
634
676
672
701
0
632
676
701
682
632
672
749
749
631
629
630
726
676
0
630
719
672
676
0
719
726
726
676
676
701
602
719
749
672
630
607
663
602
602
631
672
641
632
628
602
629
630
632
676
749
719
632
631
629
676
628
701
632
660
749
726
0
701
671
602
744
726
639
701
676
657
719
667
598
607
701
607
672
672
557
676
503
0
676
676
682
671
602
0
0
676
676
511
629
653
676
672
719
726
599
671
726
749
615
602
634
580
676
557
569
598
715
712
650
719
676
676
634
580
630
0
701
598
672
676
676
672
701
701
672
676
744
719
676
628
634
634
701
689
701
682
0
634
701
682
633
602
607
701
749
0
672
672
602
634
749
749
634
601
701
628
607
602
619
599
672
676
749
726
634
580
630
672
749
745
672
653
726
719
634
632
663
0
634
591
726
631
726
726
749
726
672
571
607
682
701
682
511
0
672
632
631
631
701
663
557
676
676
643
602
607
676
637
701
632
745
726
676
607
501
631
701
0
726
749
567
631
663
607
17
676
614
689
749
658
726
631
748
726
644
749
631
672
0
602
602
682
634
602
672
0
672
676
0
676
639
701
602
577
672
641
628
520
634
0
660
672
689
632
631
630
740
749
701
511
504
571
580
634
726
726
672
631
631
641
580
634
671
0
663
0
602
580
602
701
0
557
672
636
634
634
689
682
602
580
602
634
663
701
607
599
701
676
676
503
676
632
676
614
607
701
634
580
676
667
672
676
631
719
590
631
676
632
672
630
726
725
749
749
629
631
0
634
631
672
602
602
634
602
634
560
632
672
719
749
676
676
689
657
634
602
614
676
631
672
634
0
565
667
555
602
580
634
630
631
701
701
641
676
630
515
580
580
745
726
745
726
745
630
672
676
676
676
701
684
586
634
630
672
672
631
684
701
632
672
580
614
505
689
735
726
672
658
726
749
632
669
672
672
672
672
719
726
634
634
719
630
580
578
632
676
634
602
672
631
504
701
676
644
701
602
602
628
672
672
639
602
672
632
726
749
672
631
612
634
0
643
631
669
701
701
701
701
701
701
634
580
726
749
682
607
551
719
672
632
632
689
634
580
598
607
634
602
4
11
632
614
580
583
701
511
676
676
749
749
745
749
676
672
663
602
671
682
672
614
630
669
740
749
631
0
669
631
726
726
542
676
599
0
719
726
602
628
663
682
676
631
701
628
631
672
632
672
602
632
608
689
726
749
748
749
614
660
669
672
602
598
602
628
607
602
676
557
719
0
672
632
558
632
701
619
749
749
602
598
565
511
631
672
689
607
676
676
513
669
672
672
726
719
633
634
630
726
0
580
676
658
632
672
602
634
630
672
676
0
634
634
631
672
672
632
634
632
628
602
602
602
632
676
628
676
663
689
598
580
614
669
749
749
634
557
682
619
445
408
676
511
719
749
682
673
689
701
672
672
630
650
740
719
580
580
607
639
701
682
672
616
726
630
639
628
558
676
749
749
672
631
602
639
0
672
701
607
719
630
634
580
503
701
672
676
682
503
676
669
626
650
630
719
701
376
658
571
634
580
602
628
602
594
602
634
650
676
632
669
749
749
594
654
672
631
632
619
632
676
669
614
726
745
701
671
565
676
672
641
726
749
629
676
665
672
701
701
580
580
632
631
619
552
634
634
17
0
13
13
607
602
672
672
749
748
672
631
607
602
701
671
628
607
672
641
749
740
607
671
580
580
602
639
602
628
602
607
672
663
672
672
580
634
701
628
726
749
749
749
701
701
676
641
0
511
701
571
726
672
672
631
639
689
602
599
634
602
676
676
726
726
672
672
634
580
580
726
699
631
699
617
631
605
12
15
701
676
634
580
511
676
634
634
0
631
0
676
628
619
637
0
719
745
571
362
726
719
676
502
701
671
594
630
672
672
571
632
726
740
672
672
658
676
672
586
619
607
726
745
0
701
627
580
511
676
669
672
0
726
0
607
672
676
557
676
630
672
634
602
633
634
580
634
699
726
682
701
701
571
749
741
701
0
602
628
749
719
594
634
580
580
602
634
602
599
602
634
503
701
602
634
17
614
726
726
676
672
676
544
672
632
634
606
676
0
602
0
631
631
571
676
710
676
614
0
580
602
676
672
740
749
676
511
631
602
634
580
701
614
749
740
518
749
13
17
726
631
676
630
745
726
510
689
672
667
634
632
0
676
619
682
619
602
699
617
665
630
571
0
628
594
504
362
632
672
619
689
726
726
676
0
630
672
607
671
503
676
602
602
631
668
749
749
552
634
672
0
558
511
701
673
13
16
726
719
726
726
602
599
602
634
689
701
629
541
607
689
735
719
676
672
630
726
749
749
672
676
682
382
671
667
672
631
745
749
749
749
693
607
726
672
735
726
676
632
689
607
503
571
634
580
726
726
632
676
660
632
672
571
14
13
745
726
726
749
676
571
376
676
628
671
17
13
749
726
676
672
628
607
701
511
607
633
13
13
634
634
614
511
629
631
602
602
0
663
657
0
607
701
671
628
580
634
631
667
602
598
676
546
580
602
632
701
671
663
631
726
749
749
619
594
602
0
726
749
641
672
632
701
577
726
634
634
16
13
628
601
557
701
701
701
672
672
602
602
639
701
749
726
558
646
602
639
602
607
726
629
676
672
583
580
630
631
629
676
0
537
634
580
701
701
634
634
580
602
634
602
557
676
565
726
557
701
726
749
634
602
676
0
749
745
0
602
511
676
672
676
689
701
631
676
719
726
634
634
699
671
632
676
0
602
382
384
602
602
663
701
672
672
634
602
749
726
602
634
628
671
584
634
671
602
9
13
686
672
749
719
634
634
519
726
629
726
598
580
634
634
594
663
565
638
619
671
745
726
749
726
669
676
0
634
503
571
628
701
634
580
602
602
634
602
578
701
749
749
701
629
602
619
749
594
607
628
672
672
671
676
676
672
671
701
632
607
672
676
630
631
634
580
682
701
602
634
634
601
594
660
601
602
749
749
634
634
672
676
676
614
672
632
503
557
602
602
602
619
676
672
726
719
676
503
749
749
634
580
701
484
676
672
597
602
672
676
745
726
749
726
632
672
594
632
0
558
602
634
629
601
672
632
602
634
676
676
607
602
672
676
634
663
580
634
676
676
580
634
631
672
749
726
599
726
602
634
676
657
571
701
580
634
745
596
701
619
726
726
749
748
608
0
665
672
650
719
701
701
632
672
602
602
629
648
632
676
630
726
726
745
676
672
672
676
602
634
0
676
676
631
632
555
503
689
749
726
749
749
555
503
628
607
676
676
571
607
17
676
682
602
594
619
701
671
0
504
674
726
503
701
672
676
634
583
726
749
676
676
672
631
634
580
607
633
0
580
607
689
634
580
628
676
699
607
598
580
634
560
676
559
631
509
634
634
13
17
632
665
676
571
672
676
582
629
701
689
676
0
634
634
676
676
602
594
0
17
726
749
745
719
682
612
632
639
0
726
671
701
726
749
0
701
580
602
672
669
631
672
672
676
510
557
445
682
676
672
630
672
726
672
628
628
15
15
634
607
743
702
689
701
672
630
671
607
672
676
17
13
663
619
672
672
672
630
571
701
701
632
701
701
676
396
628
607
597
634
701
701
530
0
511
676
687
701
628
632
682
596
571
676
672
676
726
749
745
726
672
632
631
672
719
726
701
571
538
701
629
602
631
636
726
726
602
634
701
701
676
511
0
602
511
557
701
628
676
646
676
672
549
538
749
749
634
580
13
13
557
676
701
689
580
580
427
701
607
602
0
511
0
399
580
634
602
663
607
598
619
619
511
701
608
676
565
644
676
632
594
634
672
726
602
601
632
672
580
634
594
585
749
749
634
602
701
0
701
0
672
672
631
574
719
749
726
749
511
461
665
511
672
749
672
0
542
511
749
731
682
628
672
629
571
0
628
628
607
607
602
580
630
726
676
676
689
598
630
719
726
629
701
701
672
665
634
580
726
749
639
619
630
719
634
580
0
726
634
634
701
701
630
672
634
602
676
665
505
701
632
634
0
676
641
672
634
580
671
671
0
676
676
672
676
676
676
676
580
580
0
676
672
672
634
598
630
719
598
671
726
740
653
632
634
634
726
630
607
634
630
630
511
552
676
571
511
565
749
630
682
598
634
580
701
0
749
582
608
682
559
676
672
586
735
726
676
0
701
676
634
629
672
676
0
511
631
672
726
749
632
672
601
594
607
602
0
676
676
676
672
631
468
689
672
631
537
672
607
602
689
676
749
726
660
672
571
445
634
602
701
607
580
580
571
676
749
749
631
629
676
571
701
594
607
676
634
602
0
619
634
619
598
689
549
580
614
676
726
726
740
719
665
676
639
634
745
749
672
676
631
719
672
676
639
701
607
663
497
631
598
602
672
632
629
719
701
682
594
619
631
632
748
749
628
701
573
602
669
676
663
701
530
726
749
749
701
689
602
594
581
634
641
672
511
614
676
571
599
602
749
726
719
726
594
602
632
634
537
511
634
580
630
631
634
634
676
559
726
631
515
695
582
672
726
749
576
672
701
660
571
676
0
632
511
701
634
580
676
0
672
631
701
0
614
672
589
628
607
594
16
16
594
701
607
602
594
602
620
602
634
631
511
676
665
726
676
676
634
580
0
0
533
672
13
13
672
672
676
672
630
669
726
623
726
749
580
580
745
749
719
631
634
634
607
619
632
676
607
602
701
614
676
701
631
641
672
630
749
726
639
628
701
701
672
672
511
571
719
740
580
580
726
748
632
676
701
689
672
676
653
632
719
749
719
749
628
663
445
0
510
689
619
607
719
719
619
602
701
602
672
663
663
598
602
596
634
598
672
671
607
607
634
629
676
619
672
641
0
676
634
583
676
676
672
676
602
580
641
643
555
634
663
607
13
13
631
617
701
701
602
634
626
672
586
634
682
632
749
726
663
619
518
642
630
629
630
749
671
639
573
607
749
745
749
707
580
634
634
580
629
668
701
701
634
631
629
672
676
565
669
672
669
711
719
726
672
631
676
632
602
634
726
745
634
578
726
749
676
671
676
676
719
749
602
619
571
701
726
749
602
619
503
0
580
580
749
749
631
672
559
484
559
484
580
634
607
671
682
701
0
632
676
557
607
602
504
559
628
619
641
0
701
701
672
676
602
602
672
672
580
580
580
634
0
634
571
676
672
632
0
511
719
749
594
701
630
726
628
676
619
602
602
596
632
602
672
672
701
628
630
665
628
701
682
628
602
601
648
672
518
745
676
676
676
701
663
607
629
663
628
689
749
719
614
676
676
0
676
676
559
0
634
582
726
749
689
671
671
628
580
580
557
658
580
0
634
602
726
719
628
619
602
602
701
628
726
740
672
632
400
701
0
408
634
634
701
544
631
672
682
701
740
726
667
719
689
628
511
701
0
400
571
676
682
663
678
726
689
598
749
726
749
749
676
511
676
639
580
602
749
743
511
682
749
726
648
630
749
749
602
634
726
726
0
0
555
701
726
726
598
639
0
557
672
632
749
749
631
672
631
630
619
571
634
607
639
682
726
719
676
607
672
663
630
672
726
726
726
674
743
726
602
619
745
745
580
580
0
701
580
580
726
719
672
676
672
671
577
602
580
580
628
619
634
602
748
749
639
602
726
745
749
726
598
671
672
631
634
634
672
650
740
698
607
671
663
598
676
632
607
602
719
749
749
749
634
602
13
16
701
682
571
676
672
614
602
619
701
663
676
631
657
676
0
511
602
628
749
749
672
695
672
629
676
0
701
628
641
667
719
726
0
672
632
0
676
0
0
672
631
631
599
634
602
634
580
0
672
676
669
631
628
594
672
676
503
701
749
749
749
749
602
632
580
634
676
676
682
464
629
631
557
701
602
634
726
749
701
628
676
632
0
580
594
663
594
676
631
648
634
580
580
634
511
701
701
628
558
676
631
634
503
511
672
631
631
626
580
633
719
726
650
719
749
749
634
580
726
726
598
602
627
701
639
699
719
0
719
726
701
689
676
0
676
676
639
701
701
689
632
676
726
631
701
701
580
583
602
671
701
701
676
0
672
667
701
701
631
634
634
580
726
630
628
607
726
749
629
740
558
701
619
671
701
628
599
599
701
701
749
749
672
631
634
602
726
719
503
614
0
0
628
607
701
701
676
632
653
631
0
676
676
701
749
749
571
0
631
650
676
637
0
671
676
641
634
632
726
725
676
511
671
602
749
726
676
676
726
745
676
557
634
602
676
672
634
602
682
602
580
634
631
711
701
639
557
565
672
640
597
634
745
749
672
643
380
689
726
726
671
519
602
0
634
602
682
701
628
619
701
607
745
719
596
522
676
676
0
503
607
619
571
511
672
660
631
664
701
682
571
17
634
602
580
580
701
619
580
634
701
701
17
676
719
726
599
672
619
699
580
634
672
676
701
628
672
676
549
529
629
571
602
586
634
634
631
672
676
672
749
712
672
586
672
632
619
607
676
672
637
665
701
552
445
571
701
701
701
701
17
17
749
674
634
607
580
634
468
701
634
580
749
749
676
511
631
749
749
745
634
602
619
639
571
638
701
511
676
676
580
634
0
580
634
711
701
488
726
749
676
502
743
726
676
672
511
0
702
745
676
511
749
748
665
641
676
0
608
689
632
0
726
726
631
719
519
682
672
648
676
665
608
615
711
726
676
565
672
676
601
602
602
701
726
710
580
634
631
669
631
665
556
631
580
634
701
511
0
672
676
672
503
565
607
701
663
701
628
602
749
726
580
580
633
602
672
669
602
602
749
719
619
602
594
0
631
672
607
701
676
672
0
557
701
663
676
701
640
676
580
634
602
580
619
594
602
639
671
607
0
571
674
672
565
701
17
12
619
701
629
719
573
634
602
602
701
663
0
504
672
676
511
673
726
749
663
557
665
672
745
726
695
630
660
631
632
598
726
719
631
719
726
631
602
619
511
676
511
557
669
658
602
634
643
0
726
699
619
628
711
541
715
749
676
676
602
571
644
630
580
633
672
672
0
632
602
634
619
632
672
632
672
631
602
607
559
676
602
671
701
689
0
641
602
619
631
631
629
667
13
13
511
542
619
607
580
634
596
639
663
607
676
689
726
629
726
749
672
672
745
749
676
614
749
726
672
676
726
678
643
676
745
749
650
745
749
749
634
628
634
602
639
701
671
701
602
634
0
623
719
630
663
598
749
726
672
676
602
634
634
663
12
15
676
666
676
632
580
625
542
676
665
0
604
602
672
665
602
0
580
634
676
701
571
701
629
631
511
701
726
596
663
689
689
558
580
634
630
669
607
601
557
517
676
503
726
726
665
0
634
580
0
701
676
672
634
634
634
604
594
629
634
634
602
599
701
619
669
665
630
710
580
634
749
743
701
619
672
632
632
672
749
719
669
590
590
630
632
701
639
701
628
689
559
676
672
664
602
607
632
672
676
676
15
15
634
602
701
663
580
602
0
571
580
634
632
701
672
672
672
629
682
607
511
676
631
554
17
15
629
631
607
602
701
511
619
602
632
672
602
598
676
602
726
719
749
726
749
0
672
676
557
0
634
0
672
672
726
726
749
631
672
676
504
672
633
634
570
726
602
607
745
749
634
602
634
0
672
676
631
672
726
726
634
602
557
0
619
619
749
749
676
672
749
726
740
749
431
0
602
607
564
689
676
632
571
701
634
573
749
745
634
580
726
749
676
676
672
719
632
607
0
580
628
699
669
676
672
632
726
726
602
601
672
630
701
676
602
628
701
0
631
629
672
660
711
726
676
658
744
719
607
619
634
633
511
565
0
504
631
672
701
503
665
630
602
619
745
749
701
701
672
630
361
701
676
427
580
602
601
634
598
607
608
602
602
663
634
634
601
628
672
676
564
701
634
602
602
634
672
676
504
558
676
504
630
641
676
571
672
672
0
602
689
607
632
559
672
631
719
745
607
682
676
701
630
726
614
557
571
0
749
745
701
375
726
549
749
719
701
682
701
503
749
745
0
689
701
632
629
672
607
602
602
601
749
749
571
614
577
596
726
749
630
711
577
633
602
599
701
663
676
0
628
607
593
663
632
602
602
589
726
745
503
676
519
711
544
427
634
580
632
602
602
634
633
597
641
0
682
681
630
719
669
632
589
632
631
676
726
740
591
634
594
602
634
580
671
701
701
503
631
614
745
749
671
701
631
719
644
629
630
740
630
748
632
614
689
671
641
672
672
676
745
749
701
628
689
607
701
701
672
676
726
726
748
749
672
676
0
701
602
632
676
571
614
511
602
628
634
634
676
571
551
641
665
630
663
701
701
682
676
672
665
0
0
676
701
673
543
726
701
503
749
726
671
701
634
633
503
571
672
663
701
701
672
676
580
580
511
676
719
749
614
511
607
634
634
634
740
726
682
701
682
689
650
631
672
676
634
633
602
619
631
672
676
672
557
676
701
671
701
602
634
580
607
628
557
676
634
634
671
619
749
745
0
701
642
682
607
660
580
634
749
726
17
0
701
701
628
701
571
484
663
701
594
607
672
719
408
614
726
749
726
745
634
634
602
614
639
632
676
644
580
634
672
634
557
676
580
602
726
749
630
672
637
632
676
17
0
634
749
749
676
558
602
634
634
580
556
672
632
676
607
598
672
711
689
628
672
676
602
619
609
710
726
749
511
557
511
701
665
672
537
382
602
607
665
629
631
580
511
0
726
726
667
0
0
511
672
672
602
607
0
0
749
726
639
619
565
557
726
719
660
641
629
749
676
672
503
0
671
671
614
594
701
555
631
672
0
634
630
672
598
602
565
380
676
676
634
580
641
511
16
13
608
574
602
634
602
607
701
701
614
672
602
602
673
634
580
634
682
699
701
671
629
726
672
557
557
505
749
726
726
719
701
701
672
630
726
749
672
641
749
749
749
726
503
0
630
631
671
0
701
701
633
602
545
629
749
726
749
749
602
596
15
13
602
619
607
642
503
701
0
0
671
701
631
676
676
0
726
726
565
676
598
602
630
693
634
602
13
4
745
749
607
602
630
672
701
511
0
614
701
701
0
676
672
672
511
682
671
599
594
701
580
634
634
602
682
0
701
701
559
676
511
571
511
559
701
663
669
719
719
749
599
628
602
607
719
726
749
749
634
580
602
602
665
632
749
726
630
672
632
676
631
719
639
689
726
712
511
0
632
631
665
629
634
578
13
13
634
594
511
699
602
628
701
0
607
539
634
632
602
602
607
602
619
642
669
632
676
0
676
558
503
630
602
627
631
631
580
580
676
630
676
676
628
557
580
0
667
672
607
619
580
620
745
653
672
630
639
594
634
580
619
628
701
701
676
672
701
504
496
671
602
663
639
671
619
701
699
682
580
580
699
639
676
676
672
631
676
628
639
596
580
634
631
632
631
650
726
726
676
676
676
630
607
602
598
602
701
511
0
672
628
701
749
726
602
602
749
726
676
672
557
17
701
607
689
671
749
726
749
726
0
629
749
743
749
749
559
701
726
749
630
726
672
676
628
663
676
632
639
676
676
672
719
719
701
701
749
726
672
653
676
641
580
0
719
726
676
676
630
672
632
676
614
676
676
0
672
672
571
632
602
634
745
743
361
676
632
650
607
628
549
663
571
676
0
676
594
602
726
749
671
602
711
630
557
701
676
676
693
726
626
631
634
602
676
667
17
11
607
602
557
503
672
632
634
634
701
565
594
639
511
571
701
511
602
634
701
701
719
669
608
634
676
630
672
676
634
580
701
701
634
602
631
672
577
634
631
719
580
634
511
632
631
672
671
701
729
726
672
631
580
634
631
719
628
701
619
607
607
607
557
701
602
701
602
607
630
631
669
676
634
580
630
719
749
749
602
633
602
633
602
594
619
602
11
15
619
689
671
682
619
682
607
602
634
602
676
557
621
557
676
0
672
710
726
674
602
602
701
682
632
607
427
676
503
0
672
672
0
557
606
580
634
602
580
602
749
749
701
689
598
602
726
749
672
669
631
669
0
676
749
749
749
644
546
676
598
671
699
682
630
707
672
672
631
678
707
719
631
669
667
650
665
672
653
630
557
503
602
671
665
630
634
627
631
631
672
630
676
0
676
0
726
629
671
676
745
726
602
0
672
672
634
602
632
667
726
629
607
599
630
631
726
719
630
672
639
682
667
632
602
594
571
632
672
630
634
634
726
749
607
602
602
633
631
672
634
580
676
571
672
676
749
749
634
607
676
511
749
726
671
607
672
557
699
701
630
672
672
629
672
702
676
0
701
676
672
672
701
701
665
672
629
658
676
672
676
571
602
634
503
557
594
602
719
749
602
671
0
580
633
552
631
672
745
749
699
701
571
619
639
671
639
628
602
676
749
726
749
726
580
634
602
602
676
511
505
555
364
511
632
602
641
676
672
636
602
0
701
671
632
672
602
634
634
602
614
0
672
657
558
676
631
632
599
628
749
749
557
676
682
602
511
672
503
599
726
749
672
676
672
630
0
557
669
672
634
634
633
602
634
602
632
676
607
602
650
676
672
676
607
671
676
672
507
726
634
602
689
663
701
558
632
672
701
628
0
560
693
701
542
632
689
607
632
676
598
682
599
0
631
631
701
663
634
602
726
719
745
749
676
632
749
749
701
651
632
632
511
593
631
672
672
676
607
633
689
701
699
682
682
701
602
602
631
665
599
701
596
602
669
631
676
17
594
0
503
0
667
665
701
639
630
631
569
599
672
631
631
672
689
701
676
557
580
634
745
749
9
13
628
607
634
602
749
745
539
408
634
634
448
0
676
632
676
676
634
598
719
726
748
726
519
701
629
653
602
634
657
631
503
701
676
557
580
582
598
602
607
602
602
607
676
0
672
726
631
672
701
639
602
634
726
726
676
672
749
745
496
676
663
676
719
629
672
650
749
646
580
580
493
726
619
682
602
608
601
602
580
591
672
672
672
631
671
682
676
701
749
0
557
632
13
16
602
602
749
749
741
749
598
0
701
0
580
634
619
598
628
619
629
699
672
676
678
631
699
701
701
701
672
631
719
745
672
632
671
701
631
669
749
719
571
676
631
653
701
701
672
672
665
672
594
689
0
749
631
745
602
619
663
671
0
504
631
631
630
665
602
580
0
676
701
0
634
634
602
701
669
571
668
726
672
676
507
726
749
726
636
630
676
0
634
634
607
602
711
672
672
672
701
511
676
672
676
672
619
671
726
515
0
555
0
598
745
719
672
632
537
637
749
740
443
614
671
607
629
676
628
602
511
676
726
571
631
669
672
643
602
0
676
676
672
676
631
632
634
634
726
719
633
601
0
676
682
602
580
602
634
0
640
672
607
602
749
749
699
631
580
0
619
607
16
17
634
634
634
634
745
749
602
619
602
634
669
672
573
602
502
375
672
543
598
602
503
448
726
629
745
719
632
602
630
672
619
602
671
607
632
558
745
749
707
740
701
628
676
638
630
672
602
602
749
726
631
630
701
399
676
676
628
607
511
557
701
701
672
522
571
388
594
543
626
719
749
748
682
639
602
0
726
567
749
674
630
672
672
676
522
650
601
580
676
0
632
580
726
745
503
676
641
672
539
632
632
676
644
745
630
631
602
577
634
0
639
628
619
602
612
634
580
580
682
594
631
657
574
628
726
719
629
719
689
619
511
671
631
672
505
719
676
571
602
573
557
422
672
629
719
0
726
749
602
607
676
557
698
669
672
676
631
726
672
630
580
634
672
629
602
606
599
602
0
503
632
672
682
699
602
619
726
726
749
726
749
726
520
663
676
0
701
671
719
726
630
672
672
672
701
701
598
573
729
745
602
632
663
594
689
701
749
749
13
13
0
701
619
701
557
701
607
602
634
580
676
0
580
634
632
676
0
0
602
602
631
669
565
658
749
749
676
701
607
602
632
631
701
399
608
663
749
726
676
701
602
602
672
672
634
582
676
0
596
598
580
580
565
669
689
701
607
607
580
0
496
676
726
726
529
726
0
676
631
614
749
749
745
748
602
602
689
701
663
594
676
608
676
641
634
634
745
726
632
602
726
745
701
701
601
602
602
578
667
0
580
634
619
594
701
701
745
740
726
699
629
689
634
602
631
629
511
701
634
634
602
580
629
726
672
630
663
701
726
740
701
558
682
673
682
701
672
676
628
607
672
672
648
676
598
594
676
571
672
672
719
749
726
726
672
0
0
546
651
701
629
665
0
672
745
749
631
660
689
701
667
641
719
726
682
602
672
676
594
602
740
726
602
596
614
0
633
552
689
671
631
672
749
749
632
628
676
665
702
749
726
745
634
634
15
15
665
658
628
632
607
639
634
602
749
726
676
546
701
701
557
0
726
749
644
726
631
676
671
632
503
0
726
674
749
749
631
726
580
634
0
594
602
607
598
628
726
745
634
580
632
676
749
719
634
634
689
619
602
580
749
726
632
571
0
632
614
522
630
672
0
607
726
695
663
701
607
634
630
631
632
0
749
726
669
719
701
689
0
557
594
634
639
370
676
511
672
636
592
701
580
634
672
672
632
676
641
631
719
0
628
598
749
726
671
0
671
676
749
719
665
632
749
749
608
628
672
629
676
571
672
693
594
602
672
664
13
17
672
672
749
749
663
701
602
634
701
682
630
631
634
580
726
726
701
660
701
511
701
699
726
734
672
630
0
630
726
609
641
557
630
726
749
698
671
594
580
634
701
511
602
602
607
602
602
619
669
631
632
602
671
602
0
602
380
537
672
676
634
580
719
719
639
602
672
658
676
614
711
567
634
602
503
701
676
632
669
726
632
676
676
672
571
503
726
726
676
602
503
511
0
676
632
557
602
607
676
676
630
672
557
431
676
672
701
701
676
665
726
669
672
629
701
701
671
701
726
743
701
511
580
560
740
726
11
16
0
676
749
644
701
511
0
634
726
629
375
408
596
671
607
619
672
658
676
511
726
749
602
602
676
0
607
663
572
701
13
15
528
676
672
671
672
632
639
607
726
749
594
0
726
749
672
629
726
630
580
580
726
726
676
676
676
672
701
676
631
672
583
634
602
632
701
682
676
593
726
748
634
580
672
676
726
719
557
537
641
676
602
634
644
726
749
749
557
503
602
634
671
628
571
0
749
740
571
558
726
749
676
619
602
598
507
745
672
650
503
676
676
598
0
726
0
580
676
672
726
726
749
749
634
602
580
580
632
537
672
672
634
580
555
555
12
13
676
663
672
672
676
0
0
676
672
672
672
632
672
632
631
672
438
17
701
557
698
701
628
602
511
676
726
749
689
699
672
665
676
511
0
701
672
644
634
634
560
634
672
632
726
745
726
554
580
602
689
701
607
632
630
631
726
745
745
749
602
607
676
676
641
0
557
676
594
601
719
749
745
749
634
602
602
607
13
15
602
601
631
0
745
711
607
607
601
634
701
557
689
598
676
629
676
538
701
663
619
602
672
672
676
571
631
672
701
619
726
653
701
511
631
719
602
634
726
642
602
619
676
619
630
672
632
631
602
607
630
726
631
629
634
602
676
632
530
698
607
671
701
580
745
672
631
663
557
749
676
630
701
672
669
607
631
602
0
554
580
619
749
748
663
504
607
699
580
726
701
602
749
676
749
726
571
672
17
715
663
511
749
503
672
676
676
634
0
749
631
672
598
619
580
0
701
749
676
558
634
671
580
607
672
631
634
672
749
632
676
676
571
632
596
689
602
632
602
699
619
672
719
580
602
749
711
726
602
701
676
726
689
580
617
669
628
584
634
0
672
580
669
672
676
672
749
594
749
0
445
682
719
672
749
565
749
701
511
602
0
701
701
726
749
701
634
580
726
580
701
745
634
676
701
543
596
701
740
511
744
676
580
726
682
689
614
701
628
702
629
749
749
632
676
580
726
628
701
580
672
580
660
631
671
672
749
702
726
701
749
602
672
619
678
657
701
468
571
699
632
555
634
676
565
602
666
672
634
607
701
726
672
669
672
634
637
0
726
602
689
701
502
634
602
672
580
0
672
641
511
580
745
701
607
676
607
682
594
0
672
749
745
619
0
504
580
634
749
726
630
16
602
628
749
629
602
10
672
711
607
676
627
580
749
629
701
631
676
629
619
749
0
634
519
749
580
745
634
676
632
632
580
745
607
693
631
598
672
749
509
634
663
0
0
643
671
748
628
701
719
631
749
629
701
511
726
511
676
630
672
719
580
726
676
631
672
634
667
629
602
580
634
597
580
504
602
0
641
634
749
701
689
535
594
554
13
629
580
672
13
676
630
602
634
676
676
632
740
630
0
693
607
602
719
630
612
561
0
607
580
689
634
669
607
619
602
630
701
580
745
631
745
676
408
629
631
0
701
701
658
511
9
719
726
726
749
726
672
0
580
663
676
601
594
602
580
580
619
619
602
634
701
629
749
580
634
632
701
639
701
0
561
634
745
0
0
634
628
749
602
726
701
676
607
602
676
558
502
701
671
672
631
632
580
631
630
726
726
676
580
676
599
719
672
689
631
660
629
503
594
749
505
672
634
580
745
749
571
672
16
597
689
701
557
634
676
676
368
639
676
676
745
630
719
701
630
602
0
511
634
580
604
701
473
580
676
634
628
625
672
580
726
631
630
726
634
749
639
511
602
749
602
726
639
634
0
504
607
630
682
701
672
13
634
719
671
672
634
676
749
726
711
695
598
607
0
619
628
726
672
634
634
682
580
580
582
669
602
580
634
669
676
676
602
602
676
580
660
667
602
631
580
634
735
0
726
676
634
594
653
701
719
565
689
743
632
701
749
619
749
511
583
614
598
672
634
634
594
676
726
634
598
663
726
672
511
580
695
557
545
749
634
619
676
607
602
586
648
701
580
672
631
726
726
672
557
672
657
731
580
726
749
701
602
598
665
591
607
676
580
628
726
672
745
726
749
672
726
628
711
602
749
636
634
580
630
749
580
16
537
749
580
580
594
672
634
749
580
601
0
749
689
528
571
580
580
0
748
504
748
664
749
631
672
580
749
557
580
701
719
504
634
672
701
749
571
672
631
749
726
672
749
503
580
676
681
672
634
571
749
602
580
745
634
629
726
676
0
701
672
633
580
585
726
682
634
630
580
639
580
745
0
0
13
749
0
663
726
740
580
594
634
749
630
580
634
701
745
511
580
725
701
580
0
634
602
701
749
607
596
503
580
580
630
630
749
749
745
632
634
749
580
711
749
749
726
740
749
726
602
580
701
580
580
580
719
580
719
511
682
689
634
669
719
682
749
580
701
628
511
634
701
619
571
689
749
672
749
565
598
632
0
0
663
726
672
701
634
726
671
669
602
511
701
749
701
740
580
634
748
749
538
634
749
726
0
634
629
607
602
505
749
676
749
637
672
580
660
701
634
511
630
632
749
676
580
749
0
0
0
634
701
672
745
631
0
749
676
533
671
11
0
749
682
676
543
602
745
619
580
689
726
701
634
634
630
726
380
557
580
630
676
580
740
558
630
634
571
629
701
663
557
701
619
634
672
676
701
749
701
632
628
749
711
719
503
0
557
719
571
745
602
665
689
726
634
657
614
701
689
580
682
634
580
632
629
580
601
701
634
634
0
749
0
749
749
701
634
564
749
580
580
701
602
0
672
634
9
602
557
749
749
749
745
726
631
749
630
628
698
749
749
602
602
598
614
669
641
619
726
632
623
631
671
749
503
676
726
701
519
619
701
674
726
580
580
701
580
749
701
580
745
580
580
634
580
726
580
607
749
634
634
634
731
749
634
726
634
580
607
580
634
726
630
594
580
745
749
749
701
0
749
628
701
634
701
701
672
725
701
13
726
726
676
749
701
632
614
643
602
634
667
698
672
594
626
0
522
580
634
658
689
602
631
602
671
676
580
628
614
634
749
749
731
632
580
726
634
749
580
580
0
712
726
745
676
740
571
689
607
672
671
578
676
631
676
632
726
749
580
676
699
580
633
619
701
682
580
726
672
672
701
749
741
701
672
749
586
631
676
580
0
602
0
676
580
672
719
502
749
631
627
676
633
676
702
719
614
749
631
634
676
749
749
557
701
682
726
630
701
749
749
580
634
749
634
0
745
580
634
701
0
580
580
701
567
0
749
749
602
749
671
634
557
601
686
701
634
749
580
745
530
17
726
749
676
682
749
749
555
745
8
580
726
630
726
701
749
701
580
726
580
504
580
384
580
749
676
557
749
641
749
594
748
719
663
634
627
580
672
634
650
748
634
676
633
634
630
731
0
701
0
580
431
682
607
634
726
0
630
590
663
634
701
580
13
631
396
602
571
676
701
749
602
676
701
689
676
682
689
580
634
749
672
504
631
748
671
598
726
628
672
631
701
745
0
580
701
726
676
726
607
0
701
701
701
0
557
530
701
0
745
511
629
580
580
749
630
701
672
749
749
631
726
630
726
580
634
726
715
631
745
726
749
636
639
580
682
672
672
711
580
749
0
580
580
571
580
630
644
639
676
749
676
749
682
631
634
580
632
580
749
631
580
634
672
619
631
749
557
701
634
749
571
580
701
630
580
634
580
650
701
580
726
634
580
580
580
634
749
701
749
16
0
749
749
672
628
0
749
602
631
0
17
634
749
571
631
634
726
749
749
671
749
701
726
740
749
602
676
594
631
511
749
15
632
745
749
634
731
537
13
13
734
627
726
571
663
580
580
748
580
631
740
701
607
749
749
719
504
726
676
580
629
672
701
580
653
634
580
672
0
672
701
701
580
632
630
726
631
503
607
580
634
13
580
676
740
607
676
715
749
631
672
749
634
719
0
602
676
543
634
676
726
726
634
676
641
634
726
726
503
0
630
0
749
749
660
749
634
673
749
0
745
599
676
749
734
511
676
701
726
689
719
634
571
749
748
672
701
0
594
749
749
701
749
634
634
749
580
602
580
726
676
749
726
701
676
726
555
682
701
11
701
634
0
580
503
631
634
0
740
672
701
749
719
580
726
580
0
630
689
634
749
0
745
602
586
0
634
745
701
639
650
630
580
748
580
602
748
529
701
627
511
749
701
631
629
648
749
565
748
726
744
719
726
699
602
580
602
631
634
580
669
580
578
689
749
631
580
634
0
580
634
634
580
0
726
672
676
701
672
580
749
749
580
701
749
15
511
701
445
701
749
657
580
749
701
602
580
580
726
749
740
749
0
634
749
676
644
511
701
682
701
726
511
580
719
745
701
602
740
580
629
504
607
676
676
634
749
740
749
634
740
749
726
726
749
749
650
602
0
745
580
749
701
719
719
511
726
629
629
749
672
682
16
580
701
581
749
676
701
607
749
580
594
671
0
631
0
580
511
701
580
701
631
719
551
745
726
580
669
726
749
667
580
671
719
562
580
749
665
629
580
676
701
643
672
580
711
580
560
701
580
744
749
580
628
749
580
634
0
631
634
554
725
580
571
745
580
0
602
565
740
580
749
634
0
707
580
619
701
602
749
580
672
580
602
749
594
602
749
701
0
602
580
602
701
634
0
749
682
748
749
580
749
602
571
511
726
743
503
557
542
749
607
701
749
634
580
598
631
602
0
602
715
634
672
749
672
0
601
749
580
0
726
557
701
726
580
701
619
749
749
726
634
634
607
580
701
602
749
672
663
580
631
580
511
749
634
682
565
630
749
719
676
740
630
602
586
632
631
676
557
749
580
725
558
634
701
628
580
676
676
672
634
602
689
628
672
639
580
511
676
580
749
749
676
654
749
726
701
749
601
634
749
749
726
571
701
748
745
658
745
0
631
0
619
726
511
634
636
633
634
711
628
630
672
0
682
634
580
631
580
671
749
726
511
676
698
634
607
701
628
580
676
749
719
672
580
580
686
607
725
749
726
701
631
0
701
726
672
726
726
565
749
726
511
607
445
602
749
571
602
749
629
701
701
676
749
726
749
749
0
701
634
580
749
634
663
503
580
630
565
689
669
580
701
701
665
634
682
580
619
745
749
634
580
629
726
16
749
580
701
749
701
676
725
580
634
701
665
749
676
749
745
749
701
749
639
631
726
749
676
631
701
701
580
701
672
726
580
630
726
749
749
749
748
634
729
631
671
689
630
580
701
0
749
749
682
676
580
672
580
745
749
719
726
634
726
504
542
598
672
658
631
580
594
665
749
580
580
602
648
701
634
0
580
701
748
749
749
602
555
580
701
676
602
749
672
634
634
628
745
672
745
749
740
701
631
557
634
749
749
634
726
0
711
601
749
601
619
749
602
660
0
671
749
701
726
580
602
594
701
629
689
749
580
749
631
749
602
749
628
719
749
749
602
580
630
634
749
701
630
511
602
701
634
725
634
726
701
719
0
634
631
634
682
749
631
740
749
634
634
12
580
594
580
511
749
726
590
672
676
571
749
701
602
719
0
634
0
749
689
580
719
634
602
749
535
672
676
580
631
632
631
676
634
584
676
580
580
749
11
676
571
749
602
726
602
749
672
580
726
719
557
726
745
719
639
634
580
580
0
634
607
580
511
745
672
0
634
749
748
719
671
701
629
740
749
580
748
749
676
580
0
749
619
672
0
749
726
749
557
511
580
749
676
602
719
607
511
701
672
672
634
634
635
503
580
580
676
631
749
630
634
634
634
608
749
689
571
749
580
580
749
726
580
630
634
602
0
749
726
682
749
630
667
745
676
726
580
634
630
631
676
634
671
15
634
676
672
580
634
557
631
602
580
749
749
580
749
676
701
749
580
602
599
682
749
749
740
602
602
580
607
619
749
749
653
580
749
676
0
701
634
634
0
671
719
628
634
749
740
749
607
726
672
594
602
658
580
726
631
557
701
602
701
557
689
689
614
0
672
749
650
580
749
701
580
726
0
580
614
602
653
503
511
749
598
580
676
631
701
630
676
571
580
701
740
745
726
749
634
726
701
630
602
631
634
672
653
602
726
701
701
672
0
701
749
511
637
749
571
749
580
672
701
628
632
602
510
672
726
0
615
699
749
665
749
745
749
634
580
748
689
749
630
676
749
631
558
631
749
749
632
634
749
749
634
671
749
634
663
639
634
557
602
749
719
634
580
672
580
614
571
701
0
726
719
701
607
17
580
671
0
4
676
740
701
631
580
672
0
663
631
632
580
580
748
580
580
749
631
571
671
726
602
634
719
634
641
629
632
745
749
580
701
580
682
701
726
580
631
701
749
676
749
542
749
682
558
8
632
602
701
619
607
630
726
632
701
0
634
580
580
571
671
719
619
634
580
701
580
740
672
719
585
602
634
719
0
749
676
749
580
650
607
711
580
578
580
0
580
701
557
634
726
699
634
0
726
634
726
672
502
634
701
580
602
701
634
676
484
631
580
745
701
602
663
583
581
749
701
634
719
580
634
749
726
749
557
11
749
634
607
0
641
511
631
558
634
676
630
634
701
614
749
672
689
580
749
602
672
582
620
749
602
634
574
672
0
749
555
634
676
628
639
671
672
637
630
726
551
701
749
619
602
726
630
749
602
676
749
602
749
689
641
598
632
676
745
726
629
719
701
672
634
630
559
633
749
630
602
634
632
0
672
0
665
676
726
726
13
557
634
749
17
650
15
745
580
663
639
594
619
726
719
630
749
632
671
745
749
565
511
745
749
719
631
586
511
0
701
749
559
667
726
632
701
631
676
632
630
701
634
602
663
701
672
630
580
672
672
745
503
634
701
607
634
634
632
639
0
726
629
602
743
0
689
580
631
634
634
557
17
650
580
672
634
749
634
628
629
745
631
0
631
511
641
634
634
672
0
676
719
672
602
632
630
619
749
571
748
580
580
641
634
684
701
749
631
631
676
628
749
542
594
631
726
0
580
594
631
571
672
580
636
634
672
631
543
672
630
676
719
702
631
745
617
558
580
0
632
689
676
749
749
701
676
682
676
676
749
580
608
719
726
580
672
701
580
631
602
672
634
629
602
0
665
580
558
663
602
726
580
580
510
639
719
710
701
0
749
726
511
631
726
607
602
726
749
676
749
701
631
0
571
676
565
711
580
701
726
632
663
663
740
580
580
598
672
634
629
701
580
580
701
628
601
660
614
557
599
701
602
537
671
676
599
641
701
634
565
658
676
614
726
676
629
580
749
612
588
602
0
660
744
701
571
749
629
631
544
580
672
557
740
509
558
634
726
602
676
629
633
701
602
650
607
0
569
399
631
614
631
580
557
634
602
749
749
631
580
701
0
628
676
676
701
0
602
646
701
740
676
614
511
672
631
602
580
672
672
672
726
511
682
671
749
676
631
594
701
634
749
672
598
676
0
558
663
701
503
614
676
0
745
607
665
607
598
719
701
749
602
557
602
596
634
676
672
576
634
701
634
580
558
701
726
671
672
634
663
749
634
672
13
632
634
632
701
17
630
749
689
634
580
676
634
607
745
602
726
749
607
701
749
701
634
726
672
631
0
672
501
749
580
511
682
676
749
672
542
643
701
671
511
630
667
631
634
641
630
0
619
634
559
571
639
672
619
602
672
632
676
749
631
0
672
726
689
749
749
619
503
559
580
676
701
745
602
672
602
580
631
676
634
602
676
607
726
602
676
607
602
626
630
571
634
672
628
701
0
672
672
726
593
634
673
580
0
731
701
748
672
580
749
726
631
672
0
598
726
629
663
701
634
676
676
511
580
632
596
602
676
557
671
631
639
631
631
580
672
580
0
614
672
689
634
380
676
719
676
660
672
634
745
602
672
719
681
719
665
676
631
560
580
701
643
745
726
654
701
602
676
672
630
633
726
672
634
668
701
745
629
630
0
749
672
719
672
676
631
672
633
639
632
676
580
701
511
749
634
636
663
580
580
669
672
745
0
623
630
726
580
672
671
749
749
0
608
511
580
580
745
671
511
571
504
701
672
557
719
630
689
726
676
676
719
676
0
745
503
749
745
580
631
632
676
17
602
608
743
0
749
726
711
0
667
518
726
631
640
749
602
689
631
543
0
701
749
676
650
726
672
671
676
503
749
633
726
672
672
580
676
672
719
0
749
749
619
676
504
632
682
672
660
698
749
749
749
580
619
672
672
745
719
634
676
602
719
749
627
663
601
0
639
726
571
749
701
701
602
632
701
653
364
602
511
650
689
629
726
0
630
672
682
663
580
676
740
631
701
672
672
672
672
745
749
634
644
602
594
676
629
602
726
630
658
607
607
602
711
672
580
701
676
619
740
676
511
634
719
749
701
602
569
726
682
639
594
676
669
634
0
749
607
676
701
13
543
557
602
601
672
571
580
701
676
580
726
13
0
749
719
701
634
602
676
726
0
602
676
580
663
676
602
634
580
607
17
602
605
630
580
676
631
745
671
701
726
749
634
607
672
569
580
701
726
686
672
672
745
630
602
13
580
676
9
672
571
628
602
726
719
0
701
641
701
634
740
676
511
602
726
619
630
676
701
448
619
619
578
669
503
8
715
634
749
676
665
749
749
628
510
748
628
617
701
573
628
749
580
511
607
676
676
749
726
602
749
740
701
0
580
701
628
701
726
676
689
571
701
749
749
672
632
719
580
599
602
719
672
701
634
749
634
628
650
580
617
676
511
701
631
0
17
580
596
634
749
669
749
602
496
671
658
672
602
701
580
0
0
676
701
602
749
581
607
632
619
676
710
17
749
559
505
571
594
557
607
719
632
639
631
628
745
701
676
672
601
672
585
634
749
650
631
634
630
743
672
607
614
631
594
682
726
619
504
641
634
558
667
619
632
0
594
719
625
580
511
672
634
580
580
607
634
668
602
13
0
632
634
740
672
13
580
632
639
749
580
598
669
701
557
726
511
13
672
565
628
665
689
676
745
0
726
749
580
607
676
559
602
682
749
701
619
749
749
726
602
672
672
580
676
0
549
672
719
672
511
676
17
701
602
580
676
676
632
650
571
701
672
701
626
671
745
682
749
361
511
701
672
504
749
559
672
580
701
676
0
711
701
672
484
672
557
663
632
630
672
634
689
504
676
725
632
726
632
712
631
628
676
701
672
676
745
726
571
719
682
554
749
580
607
594
618
676
671
602
602
672
676
519
701
749
749
557
701
672
602
672
602
672
634
557
632
676
634
634
614
643
726
380
632
634
749
511
672
628
665
672
602
658
725
562
614
701
745
740
566
726
749
580
632
676
699
749
657
584
0
631
676
634
602
602
726
701
749
634
745
634
627
684
602
631
676
631
503
726
571
726
634
701
634
701
672
511
749
701
726
682
672
749
701
676
726
749
0
0
749
726
518
701
745
601
634
701
511
672
13
701
676
580
17
749
726
0
672
726
672
571
594
726
580
726
632
594
682
602
602
663
632
749
701
671
701
628
634
634
726
676
676
580
602
672
671
669
663
580
701
511
672
679
726
672
749
719
15
0
630
699
607
701
689
726
676
726
571
701
726
4
601
731
689
672
602
586
599
634
701
607
676
634
0
726
559
631
602
672
719
672
701
749
634
671
673
749
663
580
676
502
749
607
11
522
0
582
580
749
607
749
672
641
693
719
719
607
639
580
672
749
511
571
634
