72119
8	63115
9	15068	70697
10	71832
11	70899
18	62523
19	45913
20	16635	53575	71127
24	31448	69197
28	53747
30	34491
36	15415
39	14603
42	29583
43	69250
44	70512
46	70301	71688
49	33895	46644	46645
50	1679
52	69523
53	67475	70526
54	44905
55	48545
59	18717
62	60047	68448	68514	68588	68589	68597	68805	68938	68987	69133	69175	69262	69302	69374	69790	69842	69947	70056	70285	70298	70305	70595	70610	71115	71420	71576	71612	71752	71966
64	70674
66	70782
70	71321
75	10359
79	71266	71957
86	3593	68432	70713	70733	71408	71426	71438
88	11953	22385	70865
90	43163
95	15838	40141
96	68732
107	43559
108	18402
110	70180	71861
113	71047
117	12789	20838	53286	55641	70534
122	10613
123	6743	40599
