47394
0	45685
18	26936
27	45528
31	37013
33	22694	22806	24776	25826	28702	39418	42500	42616
54	30774
56	1836	17304
60	27003
61	46547
62	11175	40156	40249	40391	40554	40636	40641	40692	40898	41297	41322	41391	41399	41439	41509	41843	42134	42444	42485	42691	42784	43502	43622	43802	44076	44097	44160	44541	44603	44760	44830	45041	45171	45438	45500	45839	46006	46479	46539	46831	47175
70	7364
77	19095
79	44733
80	43859	44132	47194
86	7215	10731	15601	30453	36440	41693	41807	42320	42974	43162	44255	45959	47199
87	5567	5768	7159	11409	11994	12126	15864	15865	20342	30641	34963	35573	36584	37704	38094	42946	44114	44352
88	976	1649	7243	18127	23983	30713	35689	39704	42678	45131	47052
89	437	2202	2539	3297	3437	5566	7619	7702	8018	9657	12901	14923	14940	16060	22339	23053	23221	23779	30219	31951	32357	35331	35522	36545	38268	38379	42582	44077
90	11918	28268
95	34827	47263
96	43075	45012
97	42795
102	19586
105	44783
106	249	550	618	675	1716	2000	2298	2631	2785	2792	3015	3148	3149	3349	3485	3560	3619	6185	6269	6271	6393	6423	6769	6886	7002	7146	7765	7870	7890	7891	7900	7947	8297	8322	8682	8686	8879	9040	9087	10352	10597	10779	10879	11247	11561	11588	12055	12065	12473	12581	12753	13101	13422	14261	14327	14642	14696	14928	15061	15065	15100	15382	16515	16923	16928	17471	17541	17632	18095	18264	18330	18345	18381	18500	18570	19220	19359	19362	19730	20311	20630	20973	21050	21276	21375	21395	21549	21607	21933	22266	22455	22564	22565	23205	23565	24096	24097	24203	24229	24456	25071	26017	26089	26576	26577	26646	27157	27205	27506	27765	28473	28511	28620	29143	29307	29485	29671	29924	32755	32787	33174	33297	33547	33984	34108	34281	34522	34669	34675	34964	35221	35706	36451	36953	37056	37099	37470	38032	38196	38988	39213	39481	40134	40161	40178	40255	40337	40342	40367	40438	40499	40509	40535	40615	40669	40676	40757	40928	40962	41083	41233	41295	41327	41400	41420	41444	41470	41554	41617	41633	41652	41708	41819	41852	41872	41937	41947	41953	41970	42004	42029	42056	42152	42164	42178	42231	42343	42406	42452	42460	42512	42646	42688	42720	42735	42751	42767	42992	42996	43011	43033	43039	43053	43064	43100	43134	43141	43287	43391	43510	43513	43606	43678	43718	43743	43833	43858	43941	44014	44104	44122	44123	44239	44275	44280	44309	44412	44468	44476	44497	44551	44587	44712	44763	44847	44848	44859	44991	45000	45001	45020	45028	45112	45129	45133	45150	45321	45371	45380	45527	45543	45560	45582	45603	45606	45651	45664	45714	46030	46037	46038	46073	46164	46171	46191	46198	46201	46310	46370	46381	46384	46389	46467	46514	46593	46835	46910	47006	47065	47142	47181	47252	47286
107	16911
110	45306
111	13862	17462	27383
112	5600	6172	6981	25973	27087	30969	34319	35219	41206	42549	42578	42840	43314	43426	43561	43562	44019	44147	44973	45465	45466	45600	45773	46040	46611	46819
113	2696	10754	11464	16625	18656	19209	25972	26469	35357	38111	39122	40465	40557	40850	40858	41031	41072	41273	41422	42625	42642	42757	42826	42868	42955	43003	43007	43096	43246	43388	43636	44025	44229	44256	44290	44407	44473	44573	44943	45042	45101	45253	45256	45740	45783	45909	46035	46162	46659	46955	47009	47130	47201
115	9512
125	38529
