49701
0	39589
7	35998
30	4453	7492	15626	16036	33181	37607	37613	46408
31	448	851	2338	2437	2758	3797	4216	5200	5228	5237	7120	7754	8226	10081	10172	10859	11388	11411	11658	11901	12169	13352	15034	16063	16114	17140	17874	18214	18660	19582	22088	22260	27508	29727	31656	32418	33019	34048	34145	35003	35698	36011	37153	37245	37457	37544	38521	39020	39472	40265	40808	42266	42442	42467	42677	43333	43551	44051	44172	44405	45915	46917	49126
32	38547	40486	42059	48427
45	1211
57	46970
60	15682
61	38751	40376	44121	44383	49260
62	42584
64	16874	22563	22733	22847	23443	27513	30295	40303	42958	45542	47118
65	1166	5015	5045	7302	8713	9030	9247	10995	11004	11202	11487	12544	14635	16024	16984	17690	19008	22724	24432	24762	26546	30244	35173	38189	38382	39183	39226	40003	40637	41286	43250	44493	44495	47319	48412	48517	48536	48961
66	4344	13216	21237	21238	22689	24571	24572	26530	28021	32871	32872	38420	38440	38585	38595	38634	38730	38810	38898	38947	39032	39129	39336	39860	40017	40207	40219	40317	40464	40495	40577	40583	40668	40821	40855	40946	41020	41056	41204	41377	41410	41444	41497	41599	41652	41722	42072	42284	42808	43098	43185	43325	43475	43748	44015	44065	44123	44228	44626	44691	44694	44777	44858	45101	45134	45176	45179	45304	45355	45574	45624	45877	45878	45962	46018	46148	46249	46317	46356	46694	46879	47162	47206	47410	47482	47750	47773	47785	47828	47920	48004	48021	48361	48572	48770	49236	49386	49465	49482	49658
67	2934	4343	9487	18297	19240	28022	31136	36261	38682	38971	39320	39461	39605	39700	39731	39857	39858	39950	39997	40077	40148	40578	40717	41016	41312	41324	41404	41513	41762	42021	42143	42150	42195	42501	42747	43398	43581	43582	43593	44044	44149	44287	44832	44873	45257	45500	46067	46313	46604	46803	47000	47883	47890	48032	48035	48370	48926	48983	49361	49531
78	45719
84	46615
92	9055	16811	18483	22332	27426	36118	37725
96	26146	28733	47513
101	1461	1462	2849	2887	3575	3934	11845	11846	18787	21291	22010	29365	29366	33100	34674	35758	35987	35988	38496	38508	38524	38534	38540	38610	38770	39070	39108	39236	39269	39298	39299	39317	39319	39634	39654	39906	39972	40046	40118	40171	40184	40270	40297	40422	40570	40576	40590	40698	40771	40831	40954	40973	40988	40993	41028	41067	41090	41123	41163	41165	41219	41247	41319	41341	41411	41494	41512	41517	41547	41701	41710	41727	41757	41885	42144	42161	42234	42313	42506	42510	42542	42582	42606	42609	42654	42740	42757	42786	42843	42865	42924	43010	43053	43135	43249	43273	43343	43351	43399	43425	43432	43444	43553	43604	43655	43696	43742	43792	43836	43915	43930	43941	43986	44093	44110	44157	44290	44315	44337	44356	44403	44655	44704	44817	44904	44938	44978	44979	44993	45196	45222	45398	45533	45588	45668	45702	45985	46058	46123	46243	46334	46366	46368	46579	46702	46906	46959	47011	47088	47109	47129	47249	47264	47272	47425	47452	47501	47570	47606	47623	47626	47947	48080	48191	48213	48344	48432	48448	48461	48488	48522	48558	48807	48896	48921	48930	48981	49064	49082	49156	49164	49191	49259	49355	49414	49496	49501	49562	49569	49651	49684
102	44710
104	12548	15621	18751	37682	42579	44821	46835	47180	47265	49340
109	16201
