147257
4	39420
12	105414
19	146500
35	28225
44	118369
69	6606
90	3828
91	60592
96	39770	146535
102	90824
128	39125
132	30348
133	60643
135	146636
140	2706	111976	120327
144	25344
153	35572
159	85208
160	119521
163	146725
169	116677
170	111963
174	59399
185	74618
188	12214
190	147154
191	118156
193	3735
194	20737
198	59212	95598
200	15526	21429	27130	45316	123433
204	38306	125677
213	14893
214	50788
219	9584	39568	39658	67865
225	41079
226	95958
227	24738
228	67039
231	65924
237	78960
241	33070	91617	146563	147002
242	33069
243	27353
246	23511	66176	68712
