0
0
0
0
0
0
0
0
0
0
0
0
0
0
0
0
0
0
0
0
0
0
0
0
0
0
0
0
0
0
0
0
0
0
0
0
0
0
0
0
0
0
0
0
0
0
0
0
0
0
0
0
0
0
0
0
0
0
0
0
0
0
0
0
0
0
0
0
0
0
0
0
0
0
0
0
0
0
0
0
0
0
0
0
0
0
0
0
0
0
0
0
0
0
0
0
0
0
0
0
0
0
0
0
0
0
0
0
0
0
0
0
0
0
0
0
0
0
0
0
0
0
0
0
0
10
7
6
7
9
7
4
10
9
5
7
8
9
7
13
12
7
7
12
3
106
106
5
9
6
7
8
10
5
11
3
7
106
106
7
7
106
106
9
9
8
9
8
10
8
7
106
106
106
106
7
10
10
10
8
8
6
6
10
10
9
9
106
106
11
11
106
106
8
13
5
7
11
12
106
106
7
8
14
4
9
9
9
9
8
8
4
6
106
106
27
12
27
13
13
12
106
106
4
4
13
13
106
106
10
10
3
11
8
8
7
9
106
106
3
3
8
6
4
10
7
5
6
10
10
13
7
7
27
13
5
12
8
10
8
8
8
7
106
106
9
6
8
9
9
13
14
8
10
7
106
106
7
9
3
10
10
6
7
11
10
8
106
106
11
9
9
9
8
8
6
8
9
9
13
13
106
106
27
27
12
13
7
5
3
5
7
7
6
10
13
9
12
13
106
106
4
8
14
6
10
6
10
8
7
7
3
3
7
8
13
13
6
4
11
10
8
8
5
8
9
9
8
7
7
8
11
9
7
10
106
106
7
10
6
6
10
7
7
7
7
11
5
9
7
9
8
9
27
27
106
106
7
7
11
12
106
106
12
12
9
3
14
10
9
13
10
10
7
11
13
27
14
14
8
8
7
9
8
8
6
8
13
12
13
8
13
13
106
106
6
6
27
13
106
106
8
4
7
7
9
8
5
3
5
7
12
13
106
106
5
7
9
7
5
9
8
9
14
12
8
9
8
14
27
27
4
4
11
5
106
106
9
9
3
3
9
8
9
9
6
2
10
10
7
7
9
6
10
7
10
8
105
106
106
106
106
106
6
8
9
6
6
6
27
27
7
7
6
6
106
106
8
10
9
10
8
11
4
12
10
10
7
10
19
3
9
9
10
7
3
3
8
6
18
8
6
8
7
9
8
9
8
8
27
13
6
8
106
106
7
8
5
5
10
13
8
8
14
14
106
106
9
5
12
13
8
6
7
9
12
12
9
8
8
9
8
8
3
9
106
106
106
106
7
6
7
7
6
6
8
13
7
7
2
2
9
9
106
106
8
9
27
27
6
9
7
10
106
106
12
12
95
106
6
9
8
6
4
6
79
106
13
10
9
11
8
9
6
8
6
6
13
27
27
13
7
6
7
7
9
9
12
6
9
9
106
106
8
8
5
4
27
27
103
106
9
9
3
5
7
7
8
4
13
13
6
7
8
8
8
10
13
27
11
13
106
106
7
9
2
4
9
13
99
106
7
7
8
7
13
12
106
106
11
12
27
27
8
8
106
106
8
8
92
106
7
7
8
27
12
12
3
8
80
106
7
7
90
101
11
7
106
106
11
11
8
8
5
7
5
2
84
106
11
11
13
27
6
6
14
14
106
106
3
4
106
106
10
12
27
27
5
5
10
8
6
6
4
5
8
8
4
6
11
13
106
106
8
10
10
10
9
11
7
6
9
9
106
106
10
10
9
10
3
8
9
9
8
8
7
9
8
8
7
7
95
106
3
9
6
6
9
13
11
3
106
106
10
8
9
7
7
7
4
7
5
11
1
8
5
3
8
4
6
13
10
10
10
7
9
8
13
27
7
8
7
2
9
8
106
106
7
10
106
106
4
4
7
8
13
12
13
13
11
14
4
7
9
7
2
2
9
3
10
11
11
13
106
98
4
4
7
7
14
4
106
106
5
7
1
8
106
106
12
13
8
8
8
10
106
106
6
6
6
10
9
9
9
10
12
5
10
10
10
8
4
4
5
5
6
10
12
13
6
7
8
7
7
7
7
7
9
6
10
8
8
8
5
7
9
6
9
9
106
85
7
10
6
8
12
13
6
7
2
6
9
7
6
6
9
9
9
9
0
9
