83248
4	20401
12	46921	54407
19	77701
29	36328	82712
30	61582	80107	82891
33	1858	2023	3428	4040	4045	9655	11586	16234	17821	18067	34159	37474	41505	58457	76752	77550	77629	77682	77918	78125	78643	78695	78844	79415	79445	79466	79719	79939	80100	83245
35	14622	38496	54074
41	15715
44	60998
46	20130
55	12934
56	12147	77183	82733
61	3819	76001	76115	76351	77232	77333	77769	78141	78465	79347	80044	80832	80865	81578	81834	82148
62	3818	67649	75609	76387	76832	76948	77035	77156	77167	77968	78153	78264	78462	78476	78558	78827	78936	79532	79858	79865	80775	81441	81530	81708	81961	82414	82799	83239
67	27575
69	3411
84	47853
85	29930
86	19335	28985	60151	69198	70249	75663	77755	78876	79598	81812	82140
87	3407	6946	14246	18349	35208	36671	36767	41418	41645	49019	50849	51856	70564	80645	80767
88	145	7718	19237	19757	28891	33010	50574	52738	57344	60409	63026	64246	77432	80529	81819
89	1731	2474	6903	7614	9448	10745	11556	11680	13814	13872	14728	17032	17046	17482	17762	20506	21277	21862	24677	26285	27277	27377	28012	34516	35441	36405	40327	44045	45719	46004	50398	59182	59756	62817	64697	69292	70835	72242	73522	77059	77885	78954	79423	80615	81769	81841	82628	83116	83221
90	10870	21276	38958	54388	59396	81503
92	31281
102	34578
104	800	805	869	1446	1447	1715	2026	2027	2120	2155	2168	2763	2847	2994	3937	4151	4438	4460	4461	4634	4796	4968	5132	6984	7555	7888	8151	8326	8598	9035	9496	9855	9926	10090	10093	10730	10731	11618	11666	12140	12373	12583	12914	13335	13491	13500	13535	13852	14059	14722	14956	15434	15738	15820	16135	16164	16218	16429	17098	17166	17372	17542	18125	18211	18212	18268	18469	18551	18574	18593	18651	18742	18864	19476	19688	19952	21132	21150	21535	21544	21587	22917	23153	23340	23356	23701	23953	23999	24057	24511	24901	24936	25069	26003	27065	27250	27327	28463	28689	29211	29911	30061	30290	30439	30964	31353	31792	31858	32289	32543	33413	33561	34081	34152	34895	34971	35089	35381	36604	37280	37423	37962	39239	39381	39680	39867	40083	40456	40457	40871	41489	41857	42129	42755	43467	43589	43764	44157	46917	47501	48119	48338	48818	48929	49359	50276	50302	50303	50447	50681	51087	52236	52364	52776	52819	53355	53805	54069	55089	55642	55724	56088	56449	56822	59123	60481	60951	61466	62251	62323	62575	62668	62999	63044	63159	63343	63457	64165	64265	64301	65043	65209	65530	65531	66056	68138	68224	68248	68263	68316	69137	69726	70061	70313	70554	70620	70622	70670	71000	71255	71539	71805	72001	72028	72233	72624	72688	72836	73375	74158	74260	74336	74853	75107	75248	76540	78642	79804	80408	80457	81225	81622	81900	83206
105	30740	47144	64949	70952
106	442	500	974	1234	1421	1716	1717	3077	3327	3500	4037	4560	4701	5182	5728	6221	6365	7133	7655	7669	7811	8751	9407	10189	10590	11305	12283	12316	12368	12416	13542	13600	13646	13771	13884	14160	14277	15490	15898	15983	16458	16703	16822	16823	17550	17895	18320	18614	18840	19159	19386	21289	21482	21650	21874	22189	22455	23427	24497	25223	25572	25695	25977	26307	26479	26944	27022	27169	27839	28940	29429	29870	30157	30809	31053	31687	31935	31982	32368	32485	32594	32689	33519	33844	35127	35675	35700	36177	38158	38185	38305	38587	39024	40413	40841	40854	41076	41129	41225	42865	43041	43382	43929	44064	44449	45040	45078	45186	45479	46049	46188	46494	46674	46760	46979	47516	47935	48286	48943	49051	49462	49475	49670	49759	50687	51268	52060	52244	52492	52605	52953	53077	53505	53657	53856	55133	55639	56444	56505	56907	57002	57003	57353	58050	58232	59587	59628	60284	62029	62315	62345	62393	62453	63236	63454	63682	63760	64362	65362	65450	66243	66434	66501	66551	66728	66866	67579	67617	67871	67916	69161	69975	71601	72193	72238	74258	75546	75560	75562	75566	75591	75819	75882	76125	76139	76146	76148	76270	76289	76301	76307	76427	76440	76460	76467	76534	76601	76627	76631	76849	76908	76961	77001	77010	77043	77070	77084	77123	77130	77145	77201	77221	77312	77323	77337	77350	77363	77386	77545	77569	77577	77581	77587	77646	77694	77722	77723	77741	77782	77790	77879	77914	78099	78121	78154	78175	78187	78211	78277	78278	78317	78445	78508	78568	78594	78656	78669	78940	79108	79137	79157	79161	79282	79406	79408	79511	79534	79648	79668	79684	79693	79695	79774	79897	79903	79962	80042	80174	80255	80266	80280	80307	80308	80369	80377	80530	80618	80689	80809	80836	80879	80893	81004	81038	81073	81092	81094	81118	81167	81193	81202	81207	81216	81242	81359	81383	81446	81499	81544	81572	81576	81579	81599	81638	81640	81670	81781	82037	82121	82242	82244	82274	82386	82418	82446	82654	82716	82727	82731	82734	82736	82870	82875	82931	82967	82972	82975	83010	83163	83207	83226	83241
107	3821	25340	68236
109	43334	43335
112	1655	2206	14400	17145	27941	29372	34543	37790	42783	51339	70534	70780	75746	75891	76122	76261	76411	76636	76843	77016	77085	77126	77675	77744	77883	78458	78900	79063	79226	79248	79365	80230	80322	81227	81387	81406	82262	82767	83061
113	2085	4417	7156	16059	17375	19740	20774	23232	23233	24670	27439	28268	32193	34933	37401	37629	41562	49069	49916	64808	69493	70544	70781	71015	76041	76414	76471	76520	76802	77099	77326	77551	78102	78151	78626	79109	79477	79538	79849	80019	80756	80955	81017	81079	81172	81497	81758	82020	82050	82084	82141	83082	83086	83229
