0
0
0
0
0
0
0
0
0
0
0
0
0
0
0
0
0
0
0
0
0
0
0
0
0
0
0
0
0
0
0
0
0
0
0
0
0
0
0
0
0
0
0
0
0
0
0
0
0
0
0
0
0
0
0
0
0
0
0
0
0
0
0
0
0
0
0
0
0
0
0
0
0
0
0
0
0
0
0
0
0
0
0
0
0
0
0
0
0
0
0
0
0
0
0
0
0
0
0
0
0
0
0
0
0
0
0
0
0
0
0
0
0
0
0
0
0
0
0
0
0
0
0
0
0
2
2
3
5
76
76
5
5
7
7
66
76
5
5
7
7
76
76
2
3
6
66
76
66
1
2
76
75
76
76
2
2
5
5
66
75
76
66
3
3
2
2
5
5
2
5
76
66
2
2
5
4
7
7
7
4
66
66
5
5
2
5
76
76
66
66
2
2
76
66
66
66
66
66
4
4
75
76
76
66
5
5
4
6
66
66
76
76
5
5
76
66
7
7
5
5
66
66
76
76
66
66
66
71
76
76
71
76
66
76
76
66
5
5
76
76
75
66
3
3
5
5
66
66
4
4
4
4
4
5
76
66
5
5
66
66
76
76
66
66
66
76
6
7
66
66
76
66
39
66
76
66
76
76
66
76
76
76
76
76
76
66
63
66
66
66
2
2
7
7
62
66
66
66
76
76
66
76
76
66
5
5
76
76
2
2
66
66
66
76
4
4
66
66
3
3
76
76
68
76
66
6
76
76
5
4
4
4
76
76
4
4
4
4
5
5
5
5
66
76
76
66
76
76
76
76
7
7
76
75
2
2
3
3
3
1
76
76
76
66
66
6
76
76
76
76
76
76
6
6
76
76
4
4
76
76
66
6
0
