24452
3	5214
7	16064
8	7174
9	3453
10	6452
12	5449
14	9669	13038	14446
15	2345	9958
16	5549	11852
20	2386	15499
21	17604
22	14210	20685
23	2552	13870	18910
24	2329
25	2457	3499	4908	9220	10025
27	21509
28	1191	23852
29	5254
31	5065
32	24093
33	1451
34	1486
38	14556
39	17399
42	9835
43	2529	6662	21810
44	5855
45	1115	23693
46	12156	12314
49	19336
50	21541
51	11777
52	2070	13987	21478
55	5667
56	5451	24128
57	22643
58	9569	12270
61	3109
62	3400
63	4618
64	21381
65	2420	16406	22561
66	24018
68	2680	4066	14603	19407
