147255
4	39420
12	105410
19	146497
35	28225
44	118365
69	6606
90	3828
91	60592
96	39770	146531
102	90820
112	146898
128	39125
132	30348
133	60643
135	146632
140	2706	111972	120323
144	25344
153	35572
159	85204
160	119517
163	146721
169	116673
170	111959
174	59399
185	74616
188	12214
190	147153
191	118152
193	3735
194	20737
198	59212	95594
200	15526	21429	27130	123429
204	38306	125673
213	14893
214	50788
219	9584	39568	39658	67865
225	146595	146930
226	41079	95954
228	67039
231	65924
237	78956
241	33070	146559	147013
242	33069
243	27353
246	23511	66176	68712
248	34549	98801
