23354
21	20680
32	723	743	1152	2846	2872	2873	2919	3628	3629	4145	4658	5031	5257	5275	5918	8042	8666	8667	8770	10425	11395	13815	15258	15259	16908	17119	17640	17879	17963	18049	18245	18436	18498	18504	18553	18730	18767	18849	18966	19131	19262	19327	19330	19417	19479	19513	19560	19598	19896	19911	20000	20118	20213	20357	20609	20613	20642	21000	21534	21578	21684	21756	21860	22061	22136	22170	22275	22352	22406	22428	22455	22545	22759	22817	22824	23038	23061
37	6938	8633	16845	19632
39	13680
50	2321	3105	15693	16811	17572	17614	17765	17979	18007	18294	18472	18539	18621	18660	18721	18723	19850	19885	19997	20023	20323	20440	20454	20489	21340	22123	22785
58	18446
62	3681	4146	5550	7656	10051	13213	14184	14309	15673	16558	17757	18239	19102
63	12811	17406	17709	17858	18447	18556	22241
67	576	2388	2582	8445	10100	11386	13073	13839	14768	15203	22796
68	2602	3483	5634	7345	10034	12727
85	4070	11854	12220	21087	21546	22780
91	18464	20486	20982
92	266	8590
93	377	1207	1659	2412	2971	6293	6341	7627	7910	10011	13857	14193	17124	17558	18554	18704	19164	19996
99	18198
102	482	726	868	1773	3880	5400	5401	5930	6483	9559	10293	14593	15349	16429	16676	16795	16810	16938	16963	17069	17177	17273	17348	17404	17733	17923	17941	18063	18388	18496	18558	18564	18610	18759	18795	18813	18838	19014	19017	19045	19136	19293	19496	19628	19718	19722	19906	20116	20126	20245	20246	20250	20262	20309	20390	20414	20618	20655	20704	20723	20789	20840	20852	20988	21150	21410	21574	21780	21800	21865	21906	21939	22221	22460	22466	22489	22652	22696	23269
103	824	1783	2661	2686	2908	3226	3784	5363	6482	7378	7383	7957	8103	9558	10292	10327	12156	12157	14592	16398	16555	16561	16698	16781	16996	17080	17198	17238	17317	17346	17355	17384	17396	17598	17602	17724	17859	17927	17990	18014	18037	18042	18104	18111	18442	18489	18515	18545	18687	18911	19018	19026	19361	19492	19688	19731	19904	19916	20168	20315	20350	20392	20426	20776	20796	20921	21048	21056	21487	21551	21580	21631	21637	21668	21807	21983	22027	22150	22413	22595	22628	22665	22802	22813	22862	22864	23023	23091	23170	23220	23344
107	3912	5545	7538	8187	12605	19274	20547	21193	22504
108	23234
109	11299	14684	17223	17480	18196	18454	18821	18886	19579	21103	21940	22388	22424	22629	23147
110	4203	7773	14755	17127	18587	18594	18967	20501	21337	22288	22582
115	484	1918	2256	2354	2366	2735	2843	3568	3652	3759	4358	5546	5745	6300	7249	8008	8857	10519	10565	10755	11421	12969	15322	15576	16201	16550	17024	17189	17228	17358	17500	17507	17523	18019	18263	18306	18543	19085	19743	20153	20420	20590	20631	22408
118	560	2084	3638	5574	6199	6656	6736	7453	8664	8861	11311	12750	13171	13379	14993	16176	17789	18645	19961	21512	21842	21965
