56595
0	46954
4	614	35098
5	17251	39303	47509	49002	53865	55613
16	25138	53793
29	51463
30	3832	12418	19888
31	6436	7586	8613	11709	20424	21166	22762	30539	54325
32	6854	13464	26756	42648	48790	51492
33	23448
34	17936	49473	53071	56094
41	47136
48	26427	26428
56	42487	51561
57	8605	10965	11873	16523	21947	29639	31064	40089	45009	46923	48339	48575	50587	50820	51306	52208	54302	54313	54955	55155	55402	55821	56521
58	11869	11870	31751	55168
60	25439
61	12987	14214	23289	39302	49444	49656	49862	49908	50106	51554	52284	52456	52590	53034	53521	53782	53785	54010	54969	55288	55315	55893
62	4563	8030	8861	23971	35648	36644	41357	47786	47899	48103	48163	48328	48532	48837	48838	48976	49040	49490	49516	49557	49714	50172	50186	50329	50447	51236	51255	51611	51636	51681	51723	51894	51922	52804	53207	53383	53439	53530	53559	53777	53963	53969	54040	54052	54220	54245	54565	54575	54698	54892	55023	55303	55359	55368	55624	55639	55648	55720	56063	56326	56437	56457	56470	56504
68	4401	7553	10271	10410	14664	19150	31708	35552	45256	45556	48944	49996	52215	53346	55520
69	215	952	3960	9194	10326	10859	14017	15544	17912	18961	19498	20458	22644	23181	23748	23792	28884	28910	29382	29866	30018	36476	39132	45527	46051	47950	48359	48656	48933	49292	49978	50214	50515	50871	51021	51090	51140	51641	51795	53162	54145	54229	56378
77	47298
80	52994
82	38400	49120
84	8932
85	22716	50978
86	51707	52714
87	1168	27188	41002	51711	54778
88	5839	16730	27038	41728	51993	55052
90	10843	39746	49339
91	49057	55190
92	3013	29336
93	22970	38543
94	47074
95	183	16263
97	26982	49013
98	44840
99	6367	6913	6959	9517	13124	13963	14694	15010	16011	22184	23170	40543	41414	43227	44307	47845	48056	48975	51100	51174	51242	52164	52747	53106	54312	54999	55372
100	963	1084	2504	2590	6084	7999	8505	10564	12975	12976	18053	19228	21743	22918	29718	30380	33648	34074	34404	41481	41556	41683	41768	43640	46172	48295	49264	49592	49777	49873	51203	51622	51632	51940	52737	53330	54633
101	9777	51486	52454	52840
102	56462
104	371	596	1232	1820	2791	3324	5008	5176	5417	6563	7506	8130	9263	9780	10939	14394	14938	15792	15851	17353	17678	17718	19401	19572	19726	20383	22908	25233	25234	25580	25649	26069	27553	27627	27714	28286	28346	28651	28899	29163	29338	30046	31558	31761	31783	32476	33278	35384	35870	36735	38189	39390	39410	39544	40108	40518	41100	41622	42902	43257	43604	44317	45201	46746	46887	46912	47829	48126	48275	48418	49574	50320	50395	50490	50708	50853	51552	51772	52166	52390	53188	53947	54227	54886	55111	55206	55825
105	4572	6757	14986	30142	44990	47027	48677	49977	51058	51718	51915
106	46894
107	35060
108	6433	10634	13813	19628	31681	37562	42805	48003	50012	53455
109	53697	54569
110	5756	25766	34490	48660
111	27692	34913	36167	52334
112	1746	2781	2863	5741	6170	7001	8618	8780	9683	10487	11116	11156	11487	12176	12718	12772	12965	13358	13967	14264	14360	14436	17889	19420	21690	21787	22084	22105	22110	22482	22648	22729	24196	26128	26704	27068	27090	27102	31070	32522	38248	39766	43383	43698	46547	47778	47834	47933	48506	48620	48807	48959	49407	49461	49495	49858	49893	49944	49971	50103	50197	50242	50270	50293	50318	50465	50488	50518	50564	50567	50794	50857	51120	51395	51462	51546	52095	52110	52162	52250	52256	52383	52516	52679	53098	53526	53529	53883	54373	54963	55374	55694	55725	55941	55969	56257
113	1009	1453	18169	30751	34133	35525	35883	38915	48031	48434	49074	49877	50469	52611	53317	53509	53669	53740	55880
115	51984
116	10663
