79076
12	75461
13	75820
17	69735
19	12177
29	78988
30	7277
32	459	8217	14610	20397	22604	34211	44170	50850	50851	55266	55267	61954	68318	68319	70438	74925	75110	75132	75142	75146	75168	75188	75257	75417	75418	75450	75451	75468	75616	75814	75844	76030	76146	76180	76191	76516	76589	76659	76750	76967	77243	77307	77331	77359	77395	77483	77612	77639	77794	77957	78145	78265	78320	78328	78344	78467	78507	78600	78601	78629	78839	79064
33	78760
35	1639
38	2472	13451
39	39373	57401	65163
43	4118	32975	36593	53897
50	41049
58	31995
59	31994	55115
61	27162	37836	38120	38808	39288	47541	50324	52748	53306	54622	54904	56646	60776	69355	74495	74551	74613	74615
62	332	1433	2868	4228	4353	4828	4853	5021	5427	5754	5930	8564	8904	9094	10214	12152	12796	13176	13676	14924	15489	16342	16994	17677	18698	19830	19961	20176	20261	20737	21048	21566	23301	24335	25254	27546	28210	28995	29385	30061	31579	31800	33650	35885	38147	39063	39535	45445	46731	47031	49502	53433	57589	61573	63223	64215	64746	64943	65165	65542	65583	66382	67727	68227	68739	69905
66	12789	19141	45238	58330	61724
67	18991	35676	41431	47618	47619	65082	65083	69200	69413	74800	74848	74939	74988	75271	75309	75342	75495	75505	75543	75658	75703	75843	75872	75883	75911	75918	75947	75965	76006	76089	76151	76161	76253	76293	76358	76440	76441	76698	76732	76764	76787	76830	76842	76870	76879	76903	76937	76953	77101	77126	77166	77208	77230	77247	77249	77334	77385	77430	77704	77752	77802	77837	77856	77922	77932	78037	78038	78134	78469	78513	78556	78696	78873	78915
68	57242	57243	69412	74934	76137	76174	76266	76462	76470	76644	76818	76845	76881	77095	77130	77199	77456	77472	78160	78172	78196	78239	78385	78440	78494	78560	78562	79009
69	74984
86	38632
87	75842
93	4474
94	37257	75117
106	30449
107	1133	1418	1790	3016	4713	5531	6012	6895	7291	7513	8141	8210	8845	8926	9603	9714	10682	10972	12587	13159	13618	14434	14435	14891	15331	16314	17597	17983	19415	20673	21219	23088	23168	23513	24450	25154	26619	26702	27355	29462	29789	30785	30804	31073	32090	33228	33246	33978	35168	36741	39181	40129	40165	42673	43793	45702	45850	47842	48306	49069	50737	50873	52895	53925	55362	55388	55389	55651	55720	56096	56659	57919	59097	59417	59704	59713	60712	60810	62023	62054	62271	62820	63013	63561	63950	64135	66208	67732	68005	68486	68865	68945	69036	70322	72077	74828	74870	75002	75009	75085	75103	75104	75191	75244	75275	75319	75328	75345	75362	75382	75409	75487	75619	75623	75635	75707	75745	75793	75953	76073	76075	76095	76268	76318	76326	76384	76386	76457	76654	76679	76768	76819	76931	76992	76999	77065	77084	77091	77113	77175	77184	77219	77618	77621	77689	77719	77785	77894	77900	77912	77916	77926	78046	78053	78090	78095	78162	78164	78191	78198	78237	78274	78282	78356	78404	78412	78417	78716	78786	79069
108	4582	7512	9665	12286	15689	17271	18374	18471	19240	19260	22491	25111	29244	30122	31932	37134	46573	49625	50519	57600	58657	59791	60975	62074	64709	65473	71836	72254	72270	72464	74910	74936	74976	75010	75098	75332	75612	75712	75849	75884	76258	76594	76694	76810	76923	77169	77375	77450	78216	78465	78674	78693	78718	78913	78957
114	77283
115	32838
116	18810	38057	41462	53864	65264
119	77466
121	78660
122	75739
