80348
4	19554
12	52472
19	74947
29	34861	79925
30	36568	44759	54993	75529
33	668	7688	8630	29242	75127
35	14007	36939	52151
41	15070
44	58887
46	19287
55	12375
56	11429	11619	11620	39547	74847	76910	80138
62	3661	65330	72987	73773	73828	74824	75222	75528	75608	75843	76210	76926	77051	78337	78524	79086	79603	79901	80147
64	75797
67	26472
69	3268
84	46080
86	66821	67864	73011	74207	75010	75403	76149	76892	77307	79193	80060
87	983	1033	1976	2959	3890	5073	6665	7543	8100	11268	12697	12810	13670	15885	17222	17265	17879	18436	18497	18523	18940	20004	20184	20554	23512	24350	24826	24881	24959	26771	27562	31656	31753	32560	33739	33773	35288	36326	37760	40268	40992	44866	48302	49998	52068	52192	53000	53030	54788	55984	57902	60847	61163	62033	62450	63531	64713	65165	65668	65693	67160	67863	70048	70328	72961	72976	73816	73921	74103	74296	74635	74754	75597	75832	75963	76367	76789	76914	77202	77542	78478	78610	78920	78962	79002	79093	79283	79445	79614	79688	79756	80024	80251
88	6321	14179	25294	33572	49022	73387	76473	76791	78930	79411
89	484	2206	5177	5641	9937	11748	15831	16798	19274	20335	25224	28309	28413	28854	29983	34039	50678	54512	60424	65074	69531	69710	71818	72067	73663	74188	75501	76323	77137	77218	77621	78159	78598	79723
90	3208	3590	10538	20726	21227	22885	23183	29345	33170	33431	34755	36473	40431	42246	43314	43491	62135	73233	74099	74601	75633	75856	77004	77128	77784	78304	78378	79478	79694	79733	80027	80039
91	30006
96	19732	73972
102	33175	45174
104	65916
105	16383	17828	19121	24939	28862	30972	41764	42432	71691	73797	74766	75393	75427	75734	76302	76994	78332
106	267	439	499	949	1201	1386	1663	1664	2942	3190	3359	3876	4357	4490	4967	5491	5964	5996	6096	6842	7326	7340	7478	8374	8817	8937	9012	9742	10121	10810	11750	11781	11831	11875	12902	12971	13033	13075	13196	13293	13297	13565	13676	14855	15245	15324	15777	16009	16010	16121	16122	16819	17156	17563	18065	18583	20400	20587	20741	20955	21264	21524	22468	23288	23435	23518	24224	24682	24940	25246	25414	25449	25863	25943	26086	26619	26736	27775	28242	28659	28928	29038	29552	29792	30400	30634	30681	31047	31166	31271	31364	32170	32489	33692	34232	34251	34714	36621	36648	36758	36760	37016	37486	38788	39206	39221	39441	39492	39590	41180	41344	41679	42206	42211	42716	43214	43303	43339	43455	43746	44459	44929	45021	45022	45228	45379	45755	46158	46491	47130	47234	47643	47656	47839	47926	48484	48842	49415	50189	50367	50615	50726	51068	51194	51754	51842	51945	53172	53666	54461	54516	54902	54994	55328	56025	56213	57502	57543	58605	59455	59526	59606	59904	60162	60188	60236	60296	61051	61267	61497	61577	62141	63111	63201	63953	63954	64135	64204	64256	64427	64563	65260	65298	65548	65591	66025	66782	67594	69040	69150	69708	69749	72954	72968	72985	72996	73194	73264	73319	73331	73435	73483	73682	73687	73691	73704	73737	73808	73851	73866	73882	73907	74035	74046	74122	74204	74279	74291	74325	74331	74372	74418	74482	74496	74560	74564	74566	74574	74585	74596	74619	74670	74761	74784	74801	74807	74816	74889	74925	74934	74997	75038	75074	75086	75097	75101	75175	75295	75443	75498	75530	75532	75580	75627	75628	75655	75753	75866	75884	75915	75952	76211	76253	76315	76390	76458	76465	76475	76604	76622	76653	76700	76860	76924	76957	76983	77030	77155	77164	77165	77204	77268	77336	77398	77450	77453	77476	77553	77556	77617	77763	77768	77799	77823	77843	77906	77939	78038	78074	78081	78187	78211	78309	78311	78339	78374	78395	78400	78408	78441	78461	78486	78547	78594	78600	78778	78779	78835	78837	78916	78918	79000	79018	79045	79068	79134	79329	79447	79575	79726	79846	79849	79875	79883	79887	79952	79958	79962	79969	79981	80135	80148	80163	80185	80190	80220	80298	80326	80333
109	732	24193	41629	41630	43553
111	6359	15591	72451
112	49414	74261	74858	75480	75937	76008	78188
113	22281	22282	41726	68387	68388	73255	73266	73267	73406	73695	74218	74411	74437	74776	74786	74815	75071	75389	75527	75909	76615	76714	77099	78148	78238	78593	79135	79147	79195	79227	79309	79465	80143
