62244
3	61477
11	61224
24	4738
26	53072	54406
32	41196
33	15179	29537	50609	56305	59775	59852	60043	60489	60810	61895
34	32389	56163
36	43941
39	7639	23703	42462	55065	59928	60367	61126
41	40303
60	20674
62	1797	3307	4016	7013	7014	7234	9365	9366	11989	24057	24252	25259	28495	28808	30453	30553	30795	33809	35013	35487	35488	38613	40795	41255	41289	44863	45046	46411	47715	48891	48892	50969	54481	58921	59007	59095	59097	59131	59197	59294	59378	59562	59633	59685	59690	59697	59730	59754	59762	59842	59860	59879	59988	60040	60078	60110	60251	60446	60480	60570	60694	60735	60785	60823	60921	60961	60987	61032	61036	61139	61205	61225	61308	61387	61427	61463	61501	61548	61553	61560	61795	61812	61840	62070	62224
63	137	876	2266	2593	4987	5182	5251	5867	5993	6874	7761	8202	9437	9828	10091	10654	10772	11433	11791	11956	12434	14468	14483	14742	14762	14997	16133	16686	17193	17697	17771	18345	18470	18657	19337	20786	21015	23781	24251	24506	25149	25775	25833	26158	26308	26340	26414	26601	28957	30068	31634	32116	34396	36126	36384	37807	40436	41262	43588	44576	44750	45480	46060	46466	48364	48456	50162	50906	51315	52167	52253	52731	54891	56177	57490	59026	59194	59196	59207	59696	59797	59970	59979	60001	60278	60334	60400	60523	60619	60634	60645	61109	61132	61346	61481	61499	61552	61645	61747	61830	61917	62033	62104	62217
68	7919	29414	38994	58926	59163	59250	59253	59617	60226	60795	61008	61093	61381	61641	61828	61915
69	61656
70	17490
87	7993	9084	32072	48790	49930	60034
88	1269	22172	26766	27733	37335	38175	56725	59848	60595	60818
89	24740	28212
92	643	4497	25512	36034	53079	59683	59806	60093	60229	60438	60504	60844	61062	61919	61952
94	26677	39686	48098	54893	59779	59950	61998
108	60786
110	15936	32803	36855	42803	43847	46358	59833	60183	60189	60307
111	5855	11207	20585	27246	38284	48610	53897	59791	59859	60362	61284
113	7032	9508	10387	19987	20438	44348	50038	51968	60796	61934
