98488
13	85333
35	86748
36	1253	2699	9332	18803	20853	23440	26852	45230	56835	57957	64256	85369	86225	92191	94976
45	32171
56	58493
60	83590
77	72510
94	22281	97365
97	98058
111	31693	32595	67113	81637
158	19935	35957	43250	52773	81870	85644	87149	93479	94521	98079	98106	98158	98322	98463
183	98223
228	15053
232	9800	22226	35509	47637	74075	92656	98090
233	9950	69832	78426	83262	98070	98129	98310	98343	98444
254	98400
262	98246
275	8039
277	88609	90721
283	68679
284	84458	93816
311	34295
321	29027
343	88616
344	1236
354	15052	31071	39653	43966	46309	75798	97285	98013	98258	98333	98415	98459
359	14975	37042	37561	83351	98238	98274	98313
364	73330
