20506
7	20075	20391
9	6563
12	5153	16662	20323
13	2223	17716	19969	20046	20352
14	7947	20215
16	19854
20	17320	17321
21	9977	14091	19706	19773	19982	20062	20217
22	20135
24	920	19683
28	5708	6603	13829
29	8730
30	20314
31	20431
36	3287
37	2427
41	8062
49	11773
52	11296
53	12248
55	1192	1193
57	19761
58	4053
59	397
60	16846
62	19949	20190
63	17950
65	7280	11925
66	5813	12266	19918
67	19799	20272
68	12091	19764
69	20142	20182
70	13925	20387
72	20262
74	9131	11293
79	13081
80	19783
81	9327	11831	18933
82	20050	20498
83	13105
85	16381
88	5619	7510
89	20264
90	19800
91	20448
93	5447	16236	16237	18137
94	19870
95	6315	19749	19786
96	6347	20124
97	8866
98	19669	19962
105	2168	2655	4742	7882	11385	11821	13601	15223	17775	18970
106	4848	20207
107	20276
109	19908
110	2343	7423
111	6780
113	20433
114	4681	19347
116	20378	20487
117	19705
120	13331
124	20167
129	20329	20410
131	20105
