17293
17	3142
23	6620
30	12712
31	2193
47	12922
51	4927	8016	9328	13605
54	7107
59	11183
64	9294
68	815	3990
69	15336
70	15877
74	1585
80	11475
82	925	5851	6324	7700	10415	12059	13320	13453	16107
83	2508	7384	8606	14083
86	1464
87	13053
89	268	760
92	7936
96	14810
98	7104	14804
104	5703
107	725
108	15214	15215
112	2327
113	8869
116	12212
119	1596	2785	3049	5297	9949	10519	11137	12544	12734	12787	15073	15301	15995	16529
121	452	615	1283	1852	2110	3771	3872	4084	6188	6285	6725	7042	7712	7857	7890	8139	9077	9335	10501	10577	10634	11097	11102	11568	11682	11817	12103	12528	13102	13149	13331	13600	13668	14883	15640	15754	16055	16536
122	745	2360	5631	9665	10113	11177	12390	12694	13017	15484
126	8331
130	3432	9843
136	13757
137	7853
152	2686	9384
153	5674
158	13707
159	15836
164	9610
169	11158
173	16072
179	668	4339
183	4612	17097
184	4298	5240	5506	10983	11851	14108	14279	16729	16955
185	838	3067
187	2154	2438	2489	2706	4376	8321	10789	12858	13637	13854	15057
195	4402
