88453
9	84434
19	7416	77941	79687
22	38618	77047
24	35875
32	36531	81258	82236	82288	82507	83528	83569	84840	87011	88378
33	2552	3197	4756	4866	6537	11774	21125	22843	23520	23736	27721	29306	30682	31956	36027	40320	41444	50928	55736	62820	64432	64620	67102	69350	70283	76608	77041	78535	79650	80280	80307	80349	80430	80550	80594	80686	80721	80785	80837	81306	81375	81396	81421	81506	81786	81894	82423	82694	82722	82969	83128	83322	83668	83838	83854	83990	84177	84246	85571	85752	86360	86448	86539	87135	88368
34	64835
49	14354	33277	37194
51	46470
53	30864	31843
56	84614	87645
57	80042
61	20746	34531	80645	81563	82169	82767	83315	83927	84554	85435	86517	87616	87833	87996
62	509	2580	15786	18059	23189	29714	38453	51370	51834	79916	79942	79953	80040	80519	80643	80649	81067	81311	81486	81584	81666	81707	82060	82439	82459	82481	82528	82728	82734	82923	82924	83079	83086	83157	83177	83303	83497	83640	83660	83968	84061	84153	84202	84238	84319	85252	85442	85492	85646	86091	86299	86441	87002	87027	87036	87666	88042	88395
63	6878
66	14710	16471	71806	87861
67	62181	64156
68	2079
69	15727	50489
70	805	1012	3500	6055	6763	16740	18005	18868	19498	20947	21774	24031	24934	25005	26143	27710	28517	32771	34847	40749	42750	43213	46418	51375	52401	53360	53452	53973	54030	54550	57728	58849	60472	60843	70014	72021	72086	75558	80360	84171	85109	85830	88123
72	14121	16172	17866	18946	20846	24650	27388	27960	29706	35463	37100	39863	47082	47243	56729	61465	68281	70841	73172	73714	75731	79173	86842	87361	87679
73	87728
74	8750	63894
75	12047	18530	32734	85007
76	5946	17376
78	21384	68225
79	28201	35283	43234
82	19410	20957	35097	39238	39240	49560	58788	79779	79835	80152	80247	80275	80621	80634	80693	80748	80757	81047	81088	81929	82028	82156	82503	82654	82748	82846	83091	83257	83387	83486	83509	83670	83700	83970	84399	84443	85631	85717	86162	86460	86534	86818	86821	87411	87696	88083
83	50902	74278
86	49954	81153	82179	84307	86168	86355	87035
87	248	2130	2670	5186	5393	5784	6832	7193	8052	8782	12194	14585	16341	19392	24252	24414	26077	29087	29530	29540	33451	33486	33623	39329	40273	40425	46668	47530	48674	56412	57592	64696	68013	68799	69068	73043	73274	75428	76549	77265	79889	79982	80285	80335	80407	80626	80851	80861	81172	81389	81588	81638	81656	81721	82089	82199	82721	82803	83236	83457	84131	84138	84150	84225	84412	84814	84990	85002	85270	85460	85713	85965	86310	86553	87000	87203	87651
88	3566	5707	8399	15267	18875	25825	29529	35984	42144	46457	82727	83863	84493	86244
89	19986	20201	21705	25334	35830	42912	43842	57075	62643	70985	73059	73078	81085	83620
90	1891	5892	7068	8691	11159	13819	16353	17657	18692	22263	22690	23191	27341	30577	32002	32679	33038	35119	35678	36352	37198	38545	38546	39469	43722	46122	46714	47348	50046	51244	69511	69774	70502	76927	80079	80220	80237	80577	80741	80832	81089	81290	81804	82001	82047	83413	84042	84187	86910
93	80170	85647
94	5350
100	12901	22895	52694
105	36916
109	21126	29903	53050	79838	80640	80815	83310	84066	85797
112	25650	31516	40035	49280	73005	79919	80226	80467	81233	81461	82067	82125	82163	82333	82407	83125	83135	83256	83285	83965	84411	84478	84776
114	84494	85092
115	3431
116	2847	16808	22186	50417	59166	65488	78317	81530	85616
117	15291	84078
121	37068
123	393	3304	3902	4219	5902	6556	7510	8255	9305	9327	9568	11094	11103	11847	13170	15801	15911	16040	16469	16536	18292	18686	19422	20268	22960	23701	25846	26094	26266	27346	28428	28946	29034	29973	30300	33543	34748	34986	35055	35782	36534	38655	39279	39439	42495	43626	51086	61347	62154	64004	64302	64966	65608	67542	69414	73750	74668	75583	75959	77397	78876	79046	79135	81500
124	14635	37193	38095
