25648
1	10780
2	1655
3	8629
7	22299
27	651
30	5803	13140	18204
31	11441
33	21466
37	19099
51	6207
52	18810
59	18440
65	786	12229
66	25033
67	1885	9284	19741	20454	23319	23731	23910	24856
68	18647	19655	23164
69	24212
70	5421	5436
72	10534	10842
75	12197
77	10661
79	1898	11009	11767	14107	15991
80	8478
81	15205	15658	24559
82	3813	5853	21912	23982
83	548
85	12822	19818
86	12551	22383
87	1077
88	7933	24483
89	810	7244	7584	23707
90	698	8143
91	9396	24601
92	522
93	21588
94	1497	25559
95	1996	3947	6633	9522	17214
96	2941	6658	12109	13745	14984	20823
99	8863	12430	23455
100	3674	21389
101	18229	20660	25164
102	10030	11166	12688	14050	16910	21302	21555	23977
103	1963	2855	4721	6126	7564	8271	9205	10379	12212	12538	15715	16158	23673	24121
106	25032
107	5285
108	5745
109	3656
110	21007	22258
111	12051	14690
112	5766	16055
113	15443	21286
114	8987	10836
115	10425	11737	12718
116	6015	7332	11191	21277
117	691
121	15459	21485	22617
122	1743	13316
123	1096	7113	8661
124	1274
125	7446	8041	8229	11399	17750
126	2744
127	9139
128	7018	13366	17403	17713	18412	23466
129	2750	6353	18755
136	5850
140	17855
144	10799
158	3661
159	10724
170	19761	24433
183	8262
185	20754
191	7341
