26104
0	639	1110	2826	3498	4408	5931	7082	7852	9089	9334	10341	10608	10981	10992	11031	11143	12206	13613	14798	14906	16125	16711	17710	20506	22557	22910	24908	25842
4	5509
10	2850
16	25767
23	21084
27	697	10276
30	11628
31	312	1307	1749	3293	4058	4189	5049	5200	5834	6126	7573	8364	9428	9469	9993	10856	11825	12326	13090	13302	13470	13798	13934	15121	15279	15282	15793	15812	17520	17985	18247	18314	20194	20231	21519	22626	22729	23053	23324	23522	24085	24226	24494	24511	25147	25720	25884	25966
37	8829
44	6136	24882
45	9169
52	11378
62	1140
66	15106	15596	25488
67	20094	23257
68	1953	2646	6508	8781	9449	20824	24000	24166	25309
69	5882	18977	19835
70	24501
72	10659
73	5431
74	4650	8906	21929	24975
75	6922	12435	21382	22659
76	19009	21378	25293
77	7485	10888	21010	25947
78	21935
79	6459	14353
80	7694	13585
81	15485	15934	20600
82	1757	5951	11326	13561	21144	22304
83	3700	11117	18367	20611	25346
84	13206	13601	14860
85	1730	4608	20106	23126
86	1492	6638
87	1085	12756	22786
89	5466	7367	7654	8063
90	798	24141
91	8286
92	5390
93	10215	10802	19412	23144
94	265	8165
95	1507	2013	4021	5903	6745	9689	17518	26023
96	12721
97	2926	9168	12311	22925
98	3827	10038	12691
99	2854	3478	8963	10129	13538	17923
100	3792	18214	21086
101	20341	21722	21837	25715
102	2889	5079	6856	9528	10965	14704	20026	20127	22661
103	2888	6466	10551	11865	15943	19542	22210	24022
105	2687	6449	9452
108	5367	5374	5845
109	3724	9746	10592
110	1410
111	23793
112	5865	14960	21668
113	5440	10051	16339
114	19472	19637	25708
115	7705	10966	11931	11984	23222
116	12890
117	3289	6117	7602	21659
118	6704
119	15795
120	17112
121	5764	18554
122	15745	21868	22878	24441
123	3878
125	6668	7554	8375	19987	23637	24970
127	8729	24654
128	1100	2668	8153	9113	17229
129	3691	7139	12105	17315	19088	19421	20406	22593
135	10977
