102820
1	1750	102548
2	37336
3	25722	85510
4	27041	33743	98381
5	9547	51131	70543	70770
6	12923	52401	73048	81063
7	38552	43915	50882
8	44887	67403
9	73804
10	50506
11	9621	32551	38256	97833
12	16672	47064
13	28893	31550
14	519
15	13745	44304	72301
16	52064	62126
17	8304	22702	28345	76955	83295	102586
18	33751	98505
19	28930
20	47125	48676	57895
21	50914
23	4776	44077	57144
24	5168	9247	42775	57245
25	46003	49699	53237	86241	97506	98259	100930
26	29067	83112	86754
28	20985	29116	91703
29	28219	68005	93314
30	91384
31	48344	51101	60554	88889
32	24508
34	28780	49358	68355	70100
35	27428	36309	98307
36	7061	39246	97422
37	18844	37209	50458
38	7258	20524	44232	60038
39	49136	101083
41	28082	46492
42	48150	69968	81297	97790
43	18573	64905	100127
44	9148	77729
46	7986	20801	63780	87836
47	30037
49	78444
50	70061
51	12555	24075	39550	84416	98725
52	21103	25388	29821	35744	38740	88350	95621
53	17429	62265
54	31366	93786	97073
55	8006	32737
57	60177	86622
59	6228	28409	37166	48674	88416
60	5292	24487	27217	28046	67210	80310	94167	95119
61	7572	22986	49483	57210	60882	69205	71634	88281	94277
62	34455
63	30945	46551
64	16421	31568	60955	75215
66	36176	82552
68	24409
69	19094	30054	35457	71063
70	33542
71	40812	47919
72	7881	9507
73	32518
74	2260	29711	48039
75	2808	54108
76	12135
78	68959
79	59108	93343
80	20820	56582	96527
81	76633
82	67859	100495
83	48903	85718
84	1242	3764	6740	11208	21649	77500	88826	101560
85	87618
86	39311	54930	74259	92495
87	21571	99085	100251
88	19367	20048	82434
89	1693	73457
90	901	18200	44310
91	26048	91275
