42588
13	32934
15	3743	5554	14408	17312	18049	18876	22930	32764	37821	38461	40432	41870
16	3089	4075	5155	6080	7629	11334	14677	16036	16096	20130	21142	22176	26010	26186	27168	28996	31723	35302	35592	36111	37417	37605
24	34917
27	21261
30	34970
31	1751	5714	7581	12423	13785	14993	15801	24414	25228	26628	34600	36110	37819	37854	37867	37948	38077	38079	38115	38247	38302	38343	38394	38630	38807	38808	38855	38908	38973	39233	39441	39840	39916	39924	40043	40262	40324	40648	40786	40853	40873	41187	41226	41399	41432	41489	41519	41881	41883	42358	42377
32	5124	5669	9523	12712	21208	23312	24150	34258	38280	39313	40036	40150	40263	40460	40704	41980	42034
41	9135	19066	26812	27151	29787	29939	31009
44	33275
45	22546
62	38849
76	28089
79	3125
86	9527	13739
87	3572	22704	33845	35323	41198
92	17624
93	1852	2159	12256	13907	24602	26930	28389	33696	33902	37573
97	39480
102	16140
104	570	1096	2014	2204	2590	3117	3495	3751	6174	6393	6912	7532	9039	10518	11185	12120	13084	18281	18669	20163	21262	21468	22641	23558	25984	28934	29442	29711	29712	30038	31692	32041	32491	32935	33777	34336	34367	34541	34627	36074	36186	37817	37887	37946	37984	38007	38049	38052	38122	38127	38135	38139	38185	38306	38374	38469	38525	38581	38650	38871	38886	39000	39032	39074	39089	39105	39173	39215	39238	39275	39301	39346	39378	39436	39446	39644	39671	39690	39717	39930	39939	40011	40017	40023	40266	40429	40679	40798	41195	41206	41384	41415	41486	41518	41585	41762	41840	42025	42112	42149	42413	42574
105	2013	4110	7246	8357	8358	8496	8920	9947	11186	12148	13773	17223	19755	23315	23874	27247	32084	34031	35401	35498	37348	37835	38164	38511	38786	38838	39033	39110	39113	39141	39475	39778	39899	40181	40222	40363	40381	40424	40649	40652	40691	41160	41175	41511	41648	41671	41686	41780	41819	42008	42367	42575
109	19282	20005	22177	22399	25931	26227	27231	28157	30098	33007	39461	42541
111	35216
112	39955	41076
118	1438
