45285
0	43821
5	965	8803	23895	27691	33506	38469	39700	39879	40089	42030	42531	44979
18	26038
25	35893
27	43543
33	10937	20192	21914	23730	24173	31716	32448	36419	36812
54	29738
56	29314	29546	42979	43198	44960
57	7262
58	22826	43148	43933
59	26105
62	38823	38991	39942	40313	41156	41282	41660	41906	43498	45069
69	7136
82	42455
86	6989	10399	15119	29421	35174	38961	40084	40113	40685	41329	41563	42282	45093
87	6933	11503	12957	14542	17285	22955	33551	39434
88	38912
89	2515	2776	7782	8557	11182	15647	21591	25583	26317	31241	37734	39154	42156
90	431	9379	11540	20273	27328	37471
95	33633
96	41301
97	41392
104	483	738	1016	1204	1293	5526	6018	6288	7694	7710	9301	9965	10626	11836	12001	12513	13715	13734	16245	16589	17461	17557	17625	17765	18016	18726	20394	21076	25155	25497	26932	28239	28256	29772	30416	32145	35277	35488	35719	36083	36464	36573	37002	37003	37745	38260	38615	42731
105	42951
106	245	604	655	908	1634	1916	2214	2541	2689	2696	2901	2923	3028	3029	3227	3363	3442	3503	3655	4526	4954	5995	6077	6079	6199	6225	6559	6668	6782	6920	7537	7636	7656	7657	7666	7715	7830	8043	8068	8428	8432	8617	8782	8827	10038	10422	10445	10547	10909	11203	11228	11677	12030	12081	12183	12351	12685	13889	14182	14232	14458	14583	14587	14624	14902	15993	16225	16387	16913	16979	17064	17521	17686	17746	17761	17795	17906	17968	18594	18725	18728	19062	19314	19631	19944	20277	20354	20574	20665	20683	20835	20885	21007	21197	21524	21693	21796	21797	22417	22779	23310	23439	23654	24261	24747	25151	25219	25686	25687	25756	26249	26297	26594	26857	27495	27644	28116	28137	28301	28303	28483	28661	28904	29509	30993	31617	31649	32032	32151	32391	32828	32922	32946	33113	33342	33343	33481	33487	34003	34472	35185	35442	35671	35768	35809	35991	36162	36332	36390	36860	37648	37863	38121	38825	38829	38870	38879	38898	38908	38923	39125	39126	39136	39308	39451	39467	39486	39534	39580	39714	39730	39740	39742	39779	39825	39827	39861	39912	39925	39972	39982	39990	40068	40103	40128	40160	40176	40255	40261	40299	40345	40370	40384	40393	40403	40420	40479	40571	40599	40705	40715	40769	40854	40900	40937	40953	41004	41016	41037	41071	41097	41286	41310	41330	41345	41349	41411	41425	41555	41557	41626	41630	41696	41822	41962	42070	42093	42105	42160	42185	42264	42277	42323	42329	42387	42397	42433	42436	42467	42498	42583	42598	42684	42687	42725	42790	42817	42859	42888	42890	42898	42916	42924	42935	42936	42944	42993	43048	43069	43183	43268	43286	43302	43390	43409	43449	43488	43526	43553	43569	43687	43751	43945	43984	43990	43991	44192	44222	44225	44237	44342	44401	44406	44430	44443	44527	44550	44769	44840	44854	44921	45005	45032	45034	45153	45267
107	16375
109	239	12169	13167	15842	18952	32363
110	43464
112	2602
113	890	5078	38803	38952	39188	39399	39414	39423	39572	39621	39704	39754	39941	40188	41000	41141	41199	41251	41356	41358	41417	41576	41693	41867	42099	42283	42291	42518	42581	42672	42910	43109	43319	43360	43555	43769	44015	44117	44190	44517	44770	44974
125	37197
