20823
1	20573
6	3356	3357	20658
8	1679	20368
16	6055
17	5213	20598	20676
18	2229	17884	20204	20785
19	8009	20414
21	20074
25	17478	17479	20175
26	10089	14231	19917	20095	20273	20312	20417
27	20348
28	7191
29	916	19863
33	15969
35	4905	20453
37	20110
44	6505
45	2923
46	20736
53	18425
54	4751	20605
58	11418	12390	17399	20055
60	395	1192	1193
62	19897
63	20099
64	2461	11329	20767
65	393	20511
67	20091
69	20229
70	19670
71	1910	12059	12408
72	5865	20539
73	20002
74	3598	12229	16248	18599	19988	20399	20430
75	11229
76	14067	20673
77	19911	20024
78	20665
79	9225	19879
83	2927
84	20263
86	11965	19101	20768
88	20238
89	14399
94	5671	7564
96	20065
98	5962	14489	16402	17865	20014
99	18307
100	933	19992
101	6405	16441	19928	20382	20407	20806
104	1904
105	6069
106	20086
107	734	735	5377	8933	12073	12548	12716	16662	17028	17819	19815	19826	20308	20335	20457	20721	20783
112	3987	20588
113	1534	14919	20769
115	6863	20155
116	7219
117	6850
120	19527
121	3723	20729
122	20096
128	20129
