136934
6	81138
16	68032
57	105649
60	68821
70	127429
71	10662
86	127990
94	85399
96	36512
111	92186
112	97440
125	105073	130074
128	118733	135102
129	1654	93514
130	33923	46853
131	75963	100560
132	73529	89654
133	51600	104167
134	131384	132145	134700
137	67675	112580	136572
138	96306	127031
139	33502
140	82584
143	118897	127302	127617
144	22259	27933	46664	58133	60831	124020	129594	136364
145	4886	11753	34836	47170	50822	57775	60465	60970	75257	76852	116013	116014	129566	131390	133593
146	105063	127799
147	131823
148	136018
149	28462	40714	71723
152	66464
153	91008	133166	134113	136465
156	55490	128237
157	136735
160	24548	135762
161	42126	49896
162	70799
163	131157
165	20776	22928	68804	69666	79315	118971	124763
166	13694	37775	52938	80824	89969	91603	107833	118820	127037	129444	129914	131632	136048
167	92468	134402
169	71724
170	39850	84727	129888
172	131003
174	62364
175	128282
176	86394
178	46975
181	112849
182	20425	44855	46431	59591	83118	106281	119499	123390	128299	129065	130579	132327	132447	135569
184	11946	132110	133991
185	104428
186	132585
188	106457
189	73760
190	88672
192	128905	128970
193	40555	40556	89438	119902	127815	128569	134169	135591
194	27697	62788	135838
195	10502	17207	17680	17735	19251	26147	31911	33903	38823	39537	39754	42739	43523	44724	45061	46867	51769	55200	61791	62861	63309	65890	66391	71684	73906	78442	79141	93021	99198	105658	105901	127872	130208	133081
196	20108	87646	135056
197	11784	12663	19306	26255	27891	29565	31156	39607	42537	44352	44644	51567	64903	65633	73738	77576	79922	82896	88186	91212	98378	105815	108457	110427	125780	126832	132076	132506
198	34506	36992	54540	83490	131669	131951
199	18315	80433	80434	135139
200	68644	110491
202	90877	114414
203	45188	133508
205	136301
207	101928
213	68893
215	105282	128601
216	29449	113276	128389
217	132727	134699
218	8185	40414	62398
219	124904
220	517	44115
221	74584
223	32619	56937	62912	95380	116493
224	8608	40904	48037	102212
225	60269
226	26437	52619	127627
227	41441
229	78664
231	18412
232	20634	23299	31789	57504	61868	93426	98806
233	17556	81847
234	18668	53206	72100	113683	134809
235	136141
237	28669	39322	55910	71227
238	135642	136567
239	24527	28742	55250	70006	77592	127889
240	2843	15929	45476	46598	58065	72824	81582	88717	110796	113069	130980	132079	134443
241	72277	72278	128256	129818
242	128289	129068	132564
243	134011
244	72269	130862	132944
245	128118
246	133304
247	135081
248	135820
249	128033	134371
312	55786	60364	69564	72670	86544	93882	115480	116514	116792	127917	130159	130769	130923	134317
338	60942
341	130096
