0
0
0
0
0
0
0
0
0
0
0
0
0
0
0
0
0
0
0
0
0
0
0
0
0
0
0
0
0
0
0
0
0
0
0
0
0
0
0
0
0
0
195
213
50
50
319
262
340
290
297
288
190
187
188
194
288
297
197
200
224
216
288
294
196
194
340
291
197
205
336
340
224
195
288
294
295
313
179
224
184
195
184
190
319
299
200
193
340
340
194
198
340
336
188
187
205
205
205
205
205
205
213
213
187
190
190
187
304
292
223
168
187
174
297
294
224
179
190
189
50
51
294
313
288
297
195
191
58
58
57
47
200
209
60
59
187
165
194
194
59
59
299
313
51
55
336
340
340
336
50
60
194
187
197
205
190
190
205
205
186
190
44
47
294
262
203
213
297
297
213
205
213
201
205
194
224
195
205
190
188
220
262
319
326
340
203
201
201
213
262
313
213
200
200
200
195
187
201
200
190
188
60
51
201
201
340
336
201
197
190
194
194
181
193
197
205
205
213
205
196
205
0
288
205
213
190
194
188
171
187
188
253
297
205
213
262
297
196
201
205
201
205
187
308
262
197
205
288
297
285
311
187
184
194
205
224
224
195
199
205
213
48
60
200
203
201
213
168
184
288
297
319
319
288
297
340
301
253
298
187
205
48
51
200
205
200
201
209
203
195
164
297
288
190
190
194
196
203
201
200
213
308
313
205
213
291
340
190
190
194
205
60
60
294
288
184
184
285
297
187
185
160
187
213
200
336
340
213
213
294
288
224
224
193
200
313
297
209
209
205
193
187
187
186
194
201
205
213
209
340
303
340
340
297
294
308
319
201
201
51
49
53
58
209
213
340
329
190
194
205
197
201
201
295
319
288
297
288
297
58
43
188
194
187
184
201
196
194
185
207
205
224
224
288
297
340
340
203
201
326
340
197
200
205
200
56
52
42
47
187
190
201
200
187
190
311
319
179
221
340
340
205
194
200
201
340
325
184
187
340
291
190
190
181
190
195
187
303
319
202
222
196
190
205
201
60
59
197
203
50
51
224
210
188
194
207
213
51
59
200
201
224
195
297
297
297
292
213
200
194
190
200
203
197
194
184
190
50
50
205
198
179
224
205
213
209
205
224
185
190
163
313
319
297
294
220
224
48
48
48
59
187
187
294
294
205
196
205
201
201
203
205
205
294
262
193
205
247
297
297
288
340
340
200
201
308
313
190
187
190
187
200
205
168
187
340
291
317
313
7
340
209
209
50
51
201
213
209
203
44
48
209
213
197
213
313
299
185
181
319
313
224
224
201
201
288
0
247
297
205
200
190
190
187
187
319
247
190
222
297
247
262
319
288
297
179
210
205
205
59
59
194
187
51
50
224
190
262
319
200
213
184
187
213
205
195
187
213
202
197
205
319
303
247
262
319
262
205
213
223
195
181
194
45
59
319
319
60
49
297
288
303
340
195
187
194
190
195
188
58
42
190
194
187
195
200
209
340
336
51
60
297
298
224
195
253
297
340
340
51
50
213
213
51
50
205
205
297
247
188
190
205
200
201
213
291
336
209
204
48
59
194
205
262
297
181
187
44
58
187
187
187
195
294
297
213
205
58
58
0
51
190
185
224
216
197
194
205
201
185
194
288
285
201
197
292
340
45
42
45
58
190
181
194
190
60
59
247
319
340
304
319
262
205
191
224
224
175
175
299
319
213
213
224
179
58
58
194
194
190
190
224
224
201
201
168
195
336
292
288
294
201
213
310
340
299
313
336
340
190
194
188
189
195
195
193
201
181
184
224
213
319
313
303
319
319
319
157
4
316
340
213
200
213
209
224
195
194
205
297
294
340
321
51
50
313
247
187
194
319
319
285
297
60
48
213
205
187
194
193
205
184
162
325
340
253
262
340
0
200
213
205
200
175
184
297
253
53
0
224
160
319
247
285
319
313
319
213
203
294
288
288
297
205
209
294
247
195
224
303
299
205
194
201
205
205
205
200
209
294
303
297
288
44
48
291
340
200
200
319
340
201
200
193
224
201
213
203
200
319
247
288
297
294
297
209
205
48
51
209
205
58
0
188
194
197
209
179
214
201
203
194
199
185
187
205
209
340
303
184
187
288
297
179
224
262
247
222
195
295
340
48
53
297
297
201
213
313
319
190
195
201
201
187
187
194
205
190
194
214
224
200
205
168
190
187
187
209
213
58
0
200
213
205
194
213
200
179
224
336
336
310
340
297
297
205
209
195
190
185
187
58
53
340
340
213
201
189
194
285
294
319
247
247
297
205
213
195
224
299
319
196
185
196
185
194
205
297
285
190
224
253
313
282
3
185
195
294
292
224
224
58
0
205
205
201
205
48
60
224
179
184
187
224
224
205
190
187
194
184
195
224
224
187
185
190
188
168
187
336
291
213
201
205
197
195
161
194
205
224
215
42
45
205
205
185
187
201
205
224
190
262
297
205
205
205
213
224
179
197
220
340
292
194
194
160
195
295
319
190
190
190
190
205
205
195
195
184
195
310
340
51
42
319
298
200
197
297
248
59
59
58
42
201
200
213
209
58
45
297
297
259
297
190
194
193
213
313
283
190
194
194
205
201
201
294
262
184
187
187
190
195
216
297
297
319
319
213
204
188
187
188
194
224
200
205
205
44
47
0
50
209
205
313
313
224
200
190
187
188
187
340
303
59
60
288
294
188
190
319
317
200
209
319
295
203
200
209
209
184
187
288
288
213
203
297
288
197
216
213
205
319
239
285
297
205
194
184
173
224
195
213
200
213
201
176
184
319
295
208
204
262
313
187
185
190
223
197
205
185
190
190
188
297
297
201
203
336
340
200
213
194
194
336
295
319
313
213
200
294
285
213
220
214
224
50
33
51
51
50
60
184
190
291
340
190
224
57
60
203
213
298
319
184
190
294
247
287
319
195
188
48
44
340
336
201
213
184
184
187
184
297
288
205
213
297
288
209
200
205
213
224
224
213
222
190
213
213
200
213
201
200
200
294
313
288
319
299
319
213
213
203
201
287
311
313
319
205
194
224
223
200
195
205
194
205
203
313
319
294
294
317
262
340
291
51
50
45
48
190
194
205
205
205
200
205
197
188
190
313
319
340
306
44
58
288
288
194
190
340
340
186
184
176
185
184
184
205
201
340
310
195
224
190
190
285
285
294
262
205
201
205
194
262
294
205
201
203
200
288
297
189
176
294
297
187
190
184
187
190
188
297
297
340
291
336
291
195
224
205
185
194
185
213
195
185
185
288
297
224
224
313
313
205
205
184
190
48
51
205
194
224
168
44
48
50
51
313
259
205
191
213
205
58
50
45
60
319
319
288
288
333
291
209
200
319
319
340
336
262
297
196
205
193
224
224
195
184
184
203
200
340
340
181
187
224
200
205
201
315
299
319
295
313
294
201
203
340
329
213
211
313
262
201
213
205
200
340
340
187
189
213
201
203
184
205
213
209
213
209
203
319
303
205
213
213
209
209
200
51
48
336
325
336
318
205
197
194
205
205
197
184
184
181
194
262
313
340
340
209
213
205
201
262
313
285
294
190
190
297
285
185
213
288
297
59
48
336
336
190
187
205
205
313
319
291
340
319
295
247
319
288
0
194
194
201
205
319
313
340
340
196
194
205
194
313
262
184
185
336
340
190
190
313
262
224
195
47
51
201
209
190
190
203
184
294
294
60
48
205
201
184
195
262
317
195
224
205
196
262
294
262
319
319
319
110
16
184
160
195
203
205
201
205
201
319
297
200
197
213
220
194
194
224
195
320
340
340
292
51
60
181
190
194
190
313
319
191
205
213
224
48
53
200
209
297
297
285
297
190
190
205
205
224
195
319
319
275
262
213
213
50
60
291
340
55
59
44
57
340
299
194
194
187
184
200
201
187
190
54
59
201
205
200
201
168
195
197
201
297
292
194
205
205
205
205
205
121
288
187
184
48
59
190
188
50
51
201
201
195
222
224
190
188
190
319
295
200
213
190
187
0
58
340
336
181
181
205
200
184
195
160
163
185
181
194
205
213
209
43
50
336
340
205
205
248
297
47
48
48
44
213
200
184
187
48
44
49
48
288
297
297
288
187
178
47
59
319
308
195
195
262
297
340
0
195
223
224
190
187
187
190
194
201
201
190
181
205
203
181
224
336
340
188
190
205
194
200
196
191
197
190
213
187
168
58
0
213
205
292
321
205
199
297
285
203
213
193
199
196
205
201
205
195
220
168
184
194
205
224
190
190
194
205
197
50
0
187
181
51
50
313
262
313
319
291
340
190
194
288
0
224
203
184
184
160
160
309
329
43
58
205
205
297
294
187
190
205
188
187
205
319
319
340
316
195
220
292
247
194
190
205
205
201
193
51
51
60
51
224
184
224
224
340
340
205
205
201
205
205
194
200
205
340
336
340
0
313
313
201
201
319
262
187
191
51
60
190
190
51
51
0
51
197
222
57
58
247
303
195
160
288
288
294
288
58
45
195
224
201
213
304
340
194
194
224
195
288
297
188
185
205
197
203
201
42
58
205
213
224
224
185
188
59
50
205
194
260
275
191
188
200
203
45
59
295
319
200
201
262
294
299
313
60
58
297
297
213
201
247
262
190
185
177
190
190
189
340
340
58
43
213
213
332
340
319
295
319
340
319
319
319
313
200
200
184
184
177
195
179
224
340
336
175
195
200
200
44
42
205
203
187
185
195
184
336
291
59
59
253
294
49
50
224
179
59
48
224
195
201
201
195
190
288
288
247
294
262
297
306
340
188
194
187
190
209
213
333
340
262
292
194
194
336
291
294
313
294
294
201
201
224
179
60
50
292
297
52
50
203
197
168
195
213
200
216
213
297
297
311
260
44
51
340
340
195
224
319
295
224
195
50
48
313
300
197
213
194
190
205
205
187
187
224
224
48
47
319
285
181
190
319
319
188
194
205
196
299
313
340
291
288
297
181
202
205
196
160
195
319
319
340
340
59
51
187
190
187
194
172
213
58
52
184
187
190
194
247
313
205
200
295
303
319
319
194
188
187
187
196
205
319
295
46
48
203
213
336
336
49
50
205
213
48
53
300
319
220
179
205
197
288
297
213
165
44
45
288
297
195
213
297
294
313
340
45
48
205
187
205
205
313
300
182
187
194
181
184
190
197
200
216
191
313
319
297
247
194
194
184
187
195
162
340
340
205
200
224
185
205
196
59
59
200
205
50
51
247
311
59
53
301
340
295
319
190
194
190
190
44
48
253
294
200
201
213
201
288
297
181
194
203
201
200
201
248
294
198
200
319
313
184
187
197
194
194
190
200
205
319
319
224
213
262
319
196
205
297
288
304
336
195
224
59
51
58
0
60
50
194
194
199
196
187
187
164
187
197
205
190
190
194
205
297
313
200
213
340
340
168
168
205
195
297
297
194
194
300
308
313
319
205
201
195
208
184
187
201
197
216
195
308
319
27
336
201
205
224
213
288
288
205
205
168
190
205
194
213
213
188
195
205
201
189
190
205
201
53
48
319
288
187
181
48
54
190
194
224
201
209
213
317
262
319
313
187
184
205
194
294
294
184
174
224
216
224
179
294
297
205
205
60
60
187
190
168
195
179
224
253
294
336
340
185
187
208
195
205
213
200
203
295
313
319
300
253
313
190
181
194
205
205
205
197
201
299
253
184
190
303
319
294
297
190
190
203
201
190
187
190
205
224
195
216
214
297
297
224
194
190
195
319
313
203
209
205
205
297
288
224
216
168
203
60
60
294
294
260
319
205
200
213
195
213
205
184
187
181
184
319
299
336
340
190
190
58
57
340
325
173
195
288
297
201
205
319
313
211
209
253
297
205
195
195
195
340
336
262
294
200
201
179
187
195
176
319
319
194
205
181
142
185
189
209
213
213
200
306
340
205
205
224
218
58
57
176
160
224
187
190
190
160
184
187
175
42
44
197
200
213
213
181
190
60
51
294
297
288
297
53
58
59
60
50
50
201
209
205
194
205
194
308
294
321
291
313
294
196
205
59
59
299
313
201
213
336
304
184
224
205
205
205
205
313
294
184
187
297
297
190
194
184
224
336
340
201
209
187
190
319
313
194
181
319
285
190
190
205
205
44
42
188
190
224
190
213
213
247
319
262
253
190
224
205
207
194
194
262
310
194
194
181
185
297
288
319
262
186
187
190
185
44
47
205
201
308
262
205
205
308
319
60
55
190
187
313
319
297
262
295
303
205
197
213
190
319
313
205
213
188
190
200
213
53
45
173
190
168
187
319
319
200
213
205
194
319
262
208
193
184
187
319
319
294
297
184
187
319
313
195
197
294
262
205
204
209
213
297
294
190
194
294
292
179
224
340
336
48
47
222
179
319
319
293
328
195
190
294
262
336
340
42
47
200
205
195
213
205
205
297
288
194
188
213
213
197
205
205
213
175
195
224
195
297
262
213
213
209
213
195
187
44
54
247
262
319
319
224
195
47
44
172
187
190
224
205
201
295
325
191
224
297
288
336
295
60
60
190
187
194
196
205
209
294
297
220
224
340
340
287
297
205
213
197
201
196
194
184
224
297
262
187
190
185
190
295
319
187
184
195
195
300
313
200
213
28
58
213
209
58
58
319
313
48
47
201
205
187
187
304
336
213
195
213
201
205
201
48
44
195
200
319
313
52
59
311
319
51
50
224
224
340
340
184
184
291
304
288
297
213
201
203
213
319
293
195
216
49
51
188
194
294
288
205
194
262
294
340
340
190
194
179
224
43
58
200
193
190
187
297
294
190
196
288
294
340
340
340
340
200
205
260
262
189
187
201
203
223
213
160
181
319
319
184
177
188
194
42
58
203
201
205
201
320
336
319
303
200
203
45
48
187
187
294
288
201
205
187
168
313
319
55
47
48
48
50
51
188
188
194
186
297
285
288
297
313
313
205
205
44
44
45
42
205
197
200
188
297
247
340
340
187
185
59
48
190
187
205
201
258
313
205
194
221
224
205
204
288
297
294
288
197
209
205
194
205
205
201
201
51
48
319
262
48
50
291
336
184
187
188
194
224
190
51
60
165
184
47
59
213
213
213
195
195
187
295
319
205
201
50
50
203
211
0
306
190
194
213
203
262
297
319
319
213
191
340
303
340
304
194
197
288
297
201
205
47
51
184
190
194
190
205
200
292
340
201
200
295
323
190
197
297
297
195
222
187
181
50
51
60
50
205
201
190
181
201
205
203
209
288
297
201
200
200
213
200
203
303
319
187
187
187
187
195
168
195
189
209
213
288
297
187
185
190
181
275
313
188
190
168
190
201
193
294
288
292
330
319
319
175
166
58
53
297
297
313
311
195
184
262
319
181
190
205
200
287
317
297
297
195
224
199
194
213
209
188
181
297
297
197
205
47
52
196
194
60
60
303
294
187
187
340
336
285
297
203
200
285
319
194
194
190
194
187
188
194
205
51
50
224
224
340
340
187
168
194
197
319
295
300
313
53
0
188
190
294
297
58
44
190
194
47
44
201
197
294
288
201
200
201
213
213
213
297
297
44
44
203
201
319
311
163
195
288
288
205
205
213
200
201
205
200
200
195
195
187
187
172
168
201
205
51
60
186
184
205
205
340
336
201
201
213
213
190
196
313
262
292
340
160
190
340
291
297
288
59
0
188
190
51
51
194
196
179
224
205
188
0
53
205
194
224
224
200
209
49
59
294
308
313
303
190
190
201
200
187
190
319
247
213
201
294
288
297
297
186
194
194
196
210
224
53
48
201
205
289
313
181
187
319
313
196
200
197
205
288
285
300
313
50
42
296
319
336
295
200
213
319
271
190
187
187
160
184
190
48
48
209
213
325
340
291
340
309
340
205
205
201
197
201
213
262
285
189
205
288
297
205
205
195
224
294
288
224
224
190
181
223
224
224
179
60
59
205
213
297
288
59
59
44
44
220
224
260
294
224
179
205
205
205
213
59
45
340
303
45
58
319
315
179
224
164
187
205
205
179
224
195
179
195
195
292
292
297
247
209
213
190
185
304
262
309
340
187
184
209
205
313
319
197
196
294
288
200
201
319
308
297
288
285
288
194
194
194
205
319
262
297
262
290
340
313
319
216
222
340
340
181
190
184
222
187
181
190
181
224
195
59
48
203
213
214
224
205
205
184
184
208
190
214
164
253
313
205
205
190
194
186
184
203
213
201
205
201
201
203
200
205
209
55
45
294
292
262
319
213
201
168
184
213
213
160
213
194
205
297
253
48
50
50
49
187
185
319
295
50
49
200
213
200
201
194
185
52
48
297
294
319
294
187
187
205
199
194
190
262
247
297
297
188
187
340
304
194
205
173
214
213
200
285
294
187
187
224
203
201
200
42
48
190
187
224
224
319
253
194
329
194
190
164
288
45
291
262
298
340
47
297
194
224
205
288
297
187
181
187
297
340
223
299
190
57
213
205
205
340
205
224
184
179
214
181
60
194
201
205
213
213
291
58
184
297
221
160
187
190
205
313
304
201
288
48
197
294
313
332
288
187
262
200
213
179
340
205
195
205
303
194
288
190
205
187
50
224
209
205
297
313
297
195
187
262
187
51
247
0
288
313
58
340
44
340
201
195
184
336
190
205
319
340
285
205
297
201
325
160
187
294
262
190
288
205
209
60
319
197
0
291
340
184
297
340
340
48
195
205
224
224
288
50
195
205
297
299
48
340
297
199
194
190
3
200
299
205
187
319
187
319
205
319
205
213
59
42
224
294
262
313
291
224
194
340
205
201
253
224
203
224
319
291
292
247
313
297
340
205
196
303
294
209
315
194
297
313
205
311
205
297
205
299
187
319
336
291
181
325
194
188
205
50
201
224
340
213
319
213
213
205
297
205
288
285
205
44
201
262
187
336
187
194
0
203
161
44
60
336
297
289
205
209
294
297
190
161
310
187
262
203
205
205
190
288
319
196
271
297
336
59
45
224
224
295
193
203
187
58
297
181
48
179
247
336
329
201
201
224
340
201
205
196
205
190
200
195
288
201
205
205
285
310
190
297
44
213
0
297
199
194
60
163
190
297
213
319
50
44
190
247
288
224
340
185
311
200
213
222
50
213
190
319
191
319
210
288
319
276
223
340
213
187
340
340
292
0
204
294
224
59
179
288
285
340
205
205
224
291
195
205
325
297
319
303
205
294
187
205
205
297
288
187
205
187
288
190
340
194
291
317
213
247
224
60
288
288
60
213
205
190
205
190
285
187
313
340
297
60
224
295
297
262
313
313
297
51
282
247
50
194
224
50
187
179
253
54
184
297
187
299
340
297
340
224
291
340
213
288
319
336
297
340
44
319
204
205
288
336
288
319
303
340
336
340
0
190
292
193
285
190
187
224
214
253
0
205
187
304
288
60
195
57
205
43
181
294
195
340
288
294
336
336
194
303
260
288
299
319
297
184
288
49
325
294
195
299
179
179
262
288
336
313
205
299
319
201
0
179
213
319
205
213
203
297
297
336
205
340
195
319
340
297
58
224
262
288
329
319
340
318
310
210
340
179
336
297
295
224
262
179
340
295
340
319
205
336
224
288
340
190
340
223
190
205
295
340
0
0
0
262
292
329
58
309
60
294
288
288
275
0
193
205
340
340
221
288
319
340
0
297
50
187
299
197
297
224
214
179
213
288
313
201
178
319
321
319
336
179
205
328
299
304
340
325
262
205
203
201
201
205
220
340
214
319
297
313
340
205
299
340
175
336
297
203
188
0
205
262
175
190
224
319
285
213
294
44
188
262
319
194
313
58
44
340
205
340
288
319
224
319
340
340
295
205
319
287
319
60
205
310
297
294
262
340
297
297
291
197
340
336
295
299
51
299
53
336
329
203
179
288
59
288
297
260
194
313
292
0
181
224
319
340
294
187
168
197
222
340
262
59
205
191
340
59
184
340
59
224
291
48
203
340
319
249
213
205
262
184
313
290
190
205
201
298
190
213
195
224
319
60
200
297
204
303
313
336
179
288
313
319
194
292
297
313
317
184
340
291
299
187
42
197
319
288
336
201
205
205
319
336
300
288
310
50
213
285
288
288
224
164
294
297
340
58
288
292
336
340
303
288
340
319
205
297
340
288
297
340
147
288
205
297
297
210
205
205
297
304
179
285
297
294
288
340
247
288
195
194
262
297
336
332
313
340
311
297
288
282
340
319
262
50
184
313
194
285
205
299
194
203
319
205
247
340
288
253
294
291
319
294
319
297
297
297
297
340
288
262
304
205
340
304
297
295
224
294
190
223
294
224
306
205
336
340
205
340
187
340
295
319
340
297
336
224
288
311
205
291
0
205
190
288
0
294
297
340
38
319
0
319
193
205
224
51
319
295
303
297
224
49
297
340
297
288
214
179
0
340
336
292
256
179
205
291
340
292
336
288
299
194
201
179
253
205
50
299
184
205
288
285
213
187
187
190
45
340
38
306
340
340
299
288
213
313
319
297
299
319
319
299
292
205
299
224
291
291
0
319
197
208
205
295
58
313
319
209
0
50
288
214
262
315
313
288
58
205
288
179
262
184
340
291
340
297
288
300
288
205
292
319
336
288
213
297
205
340
336
340
297
194
299
209
297
201
205
224
313
303
179
336
204
319
319
205
288
179
262
291
205
253
184
0
168
224
340
340
297
340
209
297
340
224
340
309
340
297
179
187
297
332
319
208
291
303
288
300
340
319
208
194
292
224
340
336
294
295
319
319
285
202
319
311
285
340
0
224
205
297
262
313
297
304
319
179
320
205
340
224
179
49
297
48
340
336
288
179
295
306
188
205
294
194
205
294
213
213
205
319
297
262
294
340
297
262
204
303
319
224
209
297
340
205
319
340
249
196
1
340
291
297
190
205
340
209
179
60
187
216
224
303
336
201
195
299
288
288
340
0
297
297
262
340
291
340
299
288
288
190
319
205
50
285
340
340
58
336
213
288
297
200
0
319
288
299
303
303
288
319
311
303
288
288
47
297
292
253
201
319
288
214
310
184
340
311
319
294
205
313
205
319
213
297
50
340
214
184
311
297
224
205
285
285
44
297
205
195
288
44
285
340
190
200
319
288
209
201
329
340
297
313
340
187
292
297
0
294
319
205
205
51
300
47
213
288
295
287
340
0
262
295
189
295
297
288
297
205
205
304
288
319
294
340
311
203
294
291
0
340
288
288
224
319
297
325
288
319
319
224
185
205
336
340
340
200
340
185
303
253
209
299
297
201
340
0
297
340
179
288
288
285
50
340
297
288
49
253
306
179
205
319
319
288
292
314
295
294
0
168
340
179
340
340
224
299
300
288
205
205
326
299
297
319
0
310
294
193
292
297
319
336
304
205
202
224
319
294
340
58
44
191
288
319
319
213
319
194
288
262
297
205
262
311
340
205
224
298
340
299
36
208
336
303
181
340
319
224
288
285
57
179
297
319
291
313
299
295
297
297
288
297
308
340
209
288
340
213
288
50
285
201
340
319
340
340
336
336
201
340
205
288
205
187
319
313
297
297
288
205
205
262
179
308
297
340
297
295
340
294
297
325
208
3
291
297
205
297
179
297
203
191
205
336
340
291
336
224
205
208
336
297
336
340
340
294
340
213
21
297
319
340
340
336
197
304
205
325
291
329
292
181
205
297
203
319
319
319
306
325
193
340
223
58
340
308
295
224
319
291
288
295
297
209
313
299
310
294
213
319
204
224
295
288
297
295
209
209
313
205
340
43
179
340
224
299
190
221
292
292
340
224
190
179
319
297
160
319
205
213
213
290
224
319
224
205
288
319
288
329
285
309
291
303
50
290
304
336
179
299
205
51
204
291
288
291
319
221
209
224
288
0
340
179
287
340
294
340
184
340
319
340
294
295
340
297
319
0
288
213
319
53
204
340
303
340
47
311
297
0
224
340
313
328
179
294
313
310
209
205
319
291
49
297
319
294
340
185
0
50
205
340
295
288
50
296
303
50
50
297
313
205
294
184
336
319
209
313
319
297
340
288
336
297
295
205
336
214
319
202
294
205
288
262
0
209
275
340
325
288
297
291
297
60
297
319
297
179
319
303
205
205
319
205
297
319
205
205
313
275
205
290
213
340
53
197
262
297
213
48
179
319
205
253
188
306
209
58
188
200
336
205
59
201
336
297
319
196
285
195
288
214
319
205
319
313
197
336
47
194
184
313
330
340
288
309
224
319
224
203
223
205
176
187
200
53
299
214
262
222
340
340
288
319
197
313
196
304
187
336
201
313
184
205
179
292
195
336
51
262
205
179
195
205
47
224
340
224
14
190
340
200
294
299
205
201
195
224
205
187
313
248
319
59
313
205
297
199
187
297
288
253
59
51
204
224
297
319
187
209
60
209
160
205
194
58
288
203
224
200
194
253
194
313
205
201
188
297
288
304
313
319
187
201
209
181
58
319
201
299
197
311
50
253
190
190
297
46
205
184
319
319
297
201
194
205
187
325
297
313
297
291
213
253
194
319
199
190
187
209
294
340
179
340
213
297
205
203
194
205
224
184
200
194
201
313
340
340
187
297
315
196
319
213
319
214
197
319
190
188
205
205
224
190
201
213
205
336
48
187
313
179
313
188
190
205
224
224
194
201
197
201
201
190
319
205
209
48
201
295
340
188
297
190
194
194
297
188
0
224
190
201
340
48
297
297
288
292
194
262
205
187
288
187
205
205
196
162
209
201
201
213
194
51
216
288
297
209
190
297
203
285
340
193
184
316
224
313
209
59
319
340
313
297
297
195
195
199
247
203
213
187
205
213
205
184
59
340
336
201
201
340
195
288
51
321
59
200
205
184
325
201
297
200
213
319
299
195
195
213
187
187
209
205
195
297
213
196
201
213
51
57
45
285
190
181
288
190
188
285
190
190
181
299
190
262
48
205
256
51
319
204
188
319
313
205
194
30
205
224
205
285
205
190
297
262
291
319
190
319
340
184
190
205
58
195
194
189
288
321
205
319
181
51
200
187
340
194
203
59
262
58
194
297
187
319
205
185
294
303
201
201
213
336
0
201
247
187
181
310
45
53
294
340
319
44
181
304
328
340
184
205
45
290
319
190
194
195
194
224
299
247
340
205
288
288
288
195
45
294
213
319
195
291
187
57
224
194
205
208
60
205
51
200
203
194
288
194
309
44
213
319
325
220
201
203
295
216
205
294
213
205
181
297
313
60
247
52
187
205
340
208
51
58
297
224
297
295
55
201
247
49
323
184
205
160
297
179
285
179
175
194
340
224
51
310
291
292
299
205
288
213
201
295
294
202
205
336
205
288
44
213
205
297
197
336
299
297
224
205
291
297
340
340
205
340
319
194
319
319
179
190
186
201
262
213
187
214
190
219
340
222
58
50
213
297
50
332
340
297
288
295
294
294
292
224
195
294
205
319
193
200
184
160
195
51
292
224
194
340
262
55
295
319
168
181
205
297
213
190
213
313
299
59
201
60
181
340
319
187
194
57
184
205
288
213
160
288
201
194
288
262
179
224
340
203
340
190
340
194
197
59
205
200
288
51
59
297
51
187
0
299
184
59
194
336
51
340
194
199
160
60
297
340
336
60
319
216
313
297
179
297
199
319
190
262
319
294
50
60
294
319
48
204
194
319
219
187
291
319
340
188
200
269
209
288
288
288
288
200
301
313
285
53
300
319
213
190
213
340
58
207
205
199
247
340
262
224
319
205
205
205
205
194
213
190
321
189
294
303
196
319
294
205
156
319
160
319
297
195
213
190
200
189
171
193
297
291
319
340
224
213
313
340
185
188
194
285
205
51
247
190
57
291
190
304
214
297
190
304
224
291
189
181
50
196
313
223
58
224
60
44
319
47
288
319
313
179
197
50
209
201
203
340
195
288
205
297
313
179
336
205
190
164
190
160
297
179
203
190
201
60
213
195
