134951
30	117763	132978	134019	134170
32	77898
44	17706
52	55091
53	133736
54	57888	78560	116939	134719
55	117764
57	133826	133909	134802
59	134136
66	2598
67	26702
69	74969
70	132624
73	133698
80	71116	74900
86	11410
88	58836	73990	95260	114754	118025	118749	124859	129378
90	85135
91	34363
96	132979
103	133069
107	20912
108	62043
110	119320
111	132554
114	132564
115	10227	10228
117	70950
124	1008	1196	4042	4230	5200	9037	10432	12117	12872	13580	16052	20476	20868	23395	24541	24548	24786	24929	25768	29806	29952	30700	33235	33599	36323	36689	40576	43383	56446	59389	60651	63790	65150	71263	74504	78586	84310	85658	86570	87643	96298	98107	99123	109190	110422	118716	123685	124809	128589	128822	128996	129812	132870	132890	132911	132927	132940	132956	133100	133191	133239	133263	133301	133515	133592	133661	133749	133799	133810	133813	133943	133989	133991	134059	134214	134260	134263	134283	134300	134381	134418	134427	134446	134461	134494	134658	134743	134805
