0
0
0
0
0
0
0
0
0
0
0
0
0
0
0
0
0
0
0
0
0
0
0
0
0
0
0
0
0
0
0
0
0
0
0
0
0
0
0
0
0
0
0
0
0
0
0
0
0
0
0
0
0
0
0
0
0
0
0
0
0
0
0
0
0
0
0
0
0
0
0
0
0
0
0
0
0
0
0
0
0
0
0
0
0
0
0
0
0
0
0
0
0
0
0
0
0
0
0
0
0
0
0
0
0
0
0
0
0
0
0
0
0
0
0
0
0
0
0
0
0
0
0
0
0
261
236
263
263
256
263
256
238
263
236
260
236
263
263
263
239
165
187
217
263
236
263
256
238
81
81
256
263
263
263
240
263
263
238
256
253
263
236
236
263
256
263
81
81
236
263
263
236
236
236
256
263
263
263
240
236
263
238
263
239
263
256
263
236
236
263
263
238
263
240
256
260
236
263
263
236
236
263
238
256
81
81
263
239
219
260
239
256
263
236
236
263
236
263
263
230
256
239
236
256
256
210
263
236
236
263
196
263
240
263
238
238
263
248
256
263
263
158
81
81
263
236
248
236
263
217
256
238
81
81
238
210
196
263
236
263
263
238
263
236
236
263
263
239
236
258
263
239
236
263
238
263
236
256
177
238
236
263
81
81
236
263
256
263
210
263
263
263
81
81
236
263
236
263
240
133
236
256
256
236
236
263
261
236
238
236
244
236
239
263
251
256
263
256
236
256
236
236
238
236
79
81
256
263
256
263
239
263
248
263
236
189
263
263
236
263
256
236
263
236
81
81
236
263
230
263
238
236
263
236
236
263
263
263
81
81
256
236
263
236
236
189
263
189
81
81
256
263
236
263
243
236
236
238
236
263
261
183
263
258
238
263
248
256
81
81
263
240
239
236
238
263
263
238
236
236
263
263
263
263
263
263
263
236
256
233
263
263
263
263
181
263
236
263
263
236
263
263
217
263
263
256
236
263
253
165
263
256
263
238
258
240
263
236
183
263
236
256
236
263
238
236
81
79
238
256
238
238
81
81
244
263
221
177
182
248
263
256
236
263
236
256
263
256
236
263
263
256
263
236
263
239
197
236
189
236
238
263
236
263
240
263
263
197
238
263
235
230
244
236
81
81
191
181
238
256
177
236
263
236
263
236
238
182
236
239
236
263
81
79
81
81
263
236
248
236
263
251
235
236
263
263
236
263
263
236
263
236
236
239
263
263
236
263
179
238
263
256
263
238
81
81
256
263
236
263
263
263
256
177
221
236
263
239
228
256
263
236
263
263
221
263
238
263
256
236
225
263
256
240
252
236
238
263
252
236
256
236
219
263
256
263
244
239
81
81
238
263
236
263
210
236
81
81
256
263
236
230
263
239
256
208
263
263
238
263
236
263
251
236
238
236
81
81
263
236
183
238
236
263
248
263
258
236
179
263
236
263
244
236
81
81
81
81
81
81
263
177
238
181
263
238
263
256
263
263
81
81
81
81
256
236
261
256
228
256
210
230
236
263
238
238
236
263
236
236
238
263
256
263
236
263
263
243
236
263
81
81
263
263
256
236
187
263
263
236
236
196
189
189
236
263
263
239
263
150
256
236
263
238
256
263
210
263
263
263
195
263
263
263
263
236
81
81
263
236
236
236
261
244
263
263
263
236
263
256
210
263
240
230
236
189
263
238
263
182
263
236
263
239
263
240
81
81
181
256
189
263
263
256
256
263
263
256
210
263
236
240
81
81
81
81
263
236
251
256
81
81
238
256
256
236
256
244
236
263
263
239
238
256
236
236
182
236
221
236
263
263
263
236
190
263
196
263
218
263
256
183
210
189
236
263
81
81
256
256
263
236
238
236
81
81
263
256
183
263
232
256
263
236
263
256
81
81
263
263
261
263
81
81
263
238
263
238
244
240
263
236
256
248
263
263
263
236
236
256
263
256
81
81
256
205
263
236
236
256
236
236
251
263
233
263
238
263
254
263
263
236
228
263
210
236
236
263
81
81
236
263
236
263
236
263
238
263
263
239
263
239
263
263
263
236
81
81
263
236
81
81
256
238
236
256
248
263
263
236
238
263
256
236
256
240
235
236
236
251
263
252
263
236
238
256
256
238
230
236
263
263
254
238
263
240
263
238
263
244
236
236
256
256
256
263
263
263
189
263
236
240
81
81
236
256
81
81
263
186
263
263
236
256
263
236
256
236
263
240
256
263
236
263
239
263
236
263
236
263
189
210
256
236
230
263
263
263
263
256
263
142
256
238
263
256
0
